NP_001030613.1	NP_186759.2	100.000	400	0	0	1	400	81	480	0.0	814
NP_001030613.1	NP_186759.2	95.833	24	1	0	401	424	561	584	5.58e-07	52.4
NP_001030613.1	NP_001030613.1	100.000	400	0	0	1	400	81	480	0.0	814
NP_001030613.1	NP_001030613.1	100.000	36	0	0	401	436	561	596	1.38e-14	76.3
NP_001030613.1	NP_001327195.1	100.000	400	0	0	1	400	127	526	0.0	813
NP_001030613.1	NP_001327195.1	95.833	24	1	0	401	424	607	630	6.50e-07	52.4
NP_001030613.1	NP_001327194.1	100.000	365	0	0	36	400	1	365	0.0	750
NP_001030613.1	NP_001327194.1	95.833	24	1	0	401	424	446	469	5.22e-07	52.4
NP_001030613.1	NP_177104.2	51.117	403	185	4	2	400	80	474	9.09e-141	419
NP_001030613.1	NP_001185356.1	51.117	403	185	4	2	400	80	474	9.09e-141	419
NP_001030613.1	NP_001320819.1	51.117	403	185	4	2	400	80	474	1.44e-140	419
NP_001030613.1	NP_683440.2	36.446	439	269	4	2	431	81	518	6.95e-93	296
NP_001030613.1	NP_001322290.1	36.446	439	269	4	2	431	81	518	6.95e-93	296
NP_001030613.1	NP_001322289.1	36.446	439	269	4	2	431	81	518	6.95e-93	296
NP_001030613.1	NP_001319269.1	36.446	439	269	4	2	431	81	518	6.95e-93	296
NP_001030613.1	NP_001319268.1	36.446	439	269	4	2	431	81	518	6.95e-93	296
NP_001030613.1	NP_172480.2	35.616	438	271	5	2	431	81	515	2.51e-89	287
NP_001030613.1	NP_188799.1	34.709	412	255	5	2	400	92	502	1.08e-83	272
NP_001030613.1	NP_001322291.1	35.714	392	243	3	49	431	9	400	1.86e-81	263
NP_001030613.1	NP_001320707.1	33.898	413	259	5	2	400	92	504	7.77e-81	262
NP_001030613.1	NP_001328398.1	34.307	411	258	3	2	400	92	502	2.40e-80	263
NP_001030613.1	NP_001328396.1	34.307	411	258	3	2	400	92	502	2.40e-80	263
NP_001030613.1	NP_192199.1	34.307	411	258	3	2	400	92	502	3.91e-80	263
NP_001030613.1	NP_172660.5	33.898	413	259	5	2	400	92	504	1.64e-79	261
NP_001030613.1	NP_001320706.1	33.898	413	259	5	2	400	92	504	1.64e-79	261
NP_001030613.1	NP_001323267.1	34.426	427	264	6	2	412	92	518	8.42e-78	254
NP_001030613.1	NP_001323265.1	34.507	426	263	6	2	412	92	516	4.52e-77	255
NP_001030613.1	NP_001319293.1	34.507	426	263	6	2	412	92	516	5.60e-77	254
NP_001030613.1	NP_001323268.1	34.426	427	264	6	2	412	92	518	1.32e-76	254
NP_001030613.1	NP_001323266.1	34.426	427	264	6	2	412	92	518	1.32e-76	254
NP_001030613.1	NP_193943.2	34.579	428	263	6	2	412	92	519	2.14e-76	253
NP_001030613.1	NP_001190796.1	34.579	428	263	6	2	412	92	519	2.14e-76	253
NP_001030613.1	NP_001119029.1	34.579	428	263	6	2	412	92	519	2.14e-76	253
NP_001030613.1	NP_001119028.1	34.579	428	263	6	2	412	92	519	2.14e-76	253
NP_001030613.1	NP_001119027.1	34.579	428	263	6	2	412	92	519	2.14e-76	253
NP_001030613.1	NP_001078425.1	34.579	428	263	6	2	412	92	519	2.14e-76	253
NP_001030613.1	NP_849297.1	33.023	430	268	6	2	412	92	520	3.07e-74	247
NP_001030613.1	NP_849296.1	33.023	430	268	6	2	412	92	520	3.07e-74	247
NP_001030613.1	NP_192343.1	33.023	430	268	6	2	412	92	520	3.07e-74	247
NP_001030613.1	NP_001154237.1	32.446	413	265	5	2	400	92	504	1.06e-72	243
NP_001030613.1	NP_193278.4	32.446	413	265	5	2	400	92	504	1.09e-72	243
NP_001030613.1	NP_174489.1	31.796	412	268	5	2	400	93	504	2.84e-71	240
NP_001030613.1	NP_001325838.1	35.539	408	245	5	2	404	85	479	2.59e-64	217
NP_001030613.1	NP_001118837.1	35.539	408	245	5	2	404	85	479	2.00e-63	217
NP_001030613.1	NP_001328397.1	34.218	339	211	3	74	400	3	341	2.90e-62	212
NP_001030613.1	NP_001325836.1	34.264	394	241	5	16	404	4	384	4.12e-58	198
NP_001030613.1	NP_191015.2	34.264	394	241	5	16	404	4	384	5.67e-57	198
NP_001030613.1	NP_001325839.1	34.264	394	241	5	16	404	4	384	5.67e-57	198
NP_001030613.1	NP_564354.1	27.326	344	238	6	51	386	134	473	8.18e-40	152
NP_001030613.1	NP_001325837.1	32.895	304	194	3	103	404	5	300	1.04e-36	141
NP_001030613.1	NP_195312.1	22.768	448	270	17	2	388	98	530	4.17e-06	49.7
NP_001030614.1	NP_186780.3	100.000	320	0	0	1	320	87	406	0.0	684
NP_001030614.1	NP_186780.3	89.757	371	30	2	280	648	450	814	0.0	658
NP_001030614.1	NP_186780.3	100.000	170	0	0	641	810	887	1056	5.97e-106	350
NP_001030614.1	NP_001327831.1	100.000	320	0	0	1	320	52	371	0.0	684
NP_001030614.1	NP_001327831.1	89.757	371	30	2	280	648	415	779	0.0	658
NP_001030614.1	NP_001327831.1	100.000	170	0	0	641	810	852	1021	3.13e-106	350
NP_001030614.1	NP_001030614.1	100.000	320	0	0	1	320	81	400	0.0	684
NP_001030614.1	NP_001030614.1	89.757	371	30	2	280	648	444	808	0.0	658
NP_001030614.1	NP_001030614.1	100.000	170	0	0	641	810	881	1050	5.91e-106	350
NP_001030614.1	NP_568308.1	95.312	320	15	0	1	320	80	399	0.0	654
NP_001030614.1	NP_568308.1	80.161	373	66	4	280	650	442	808	0.0	584
NP_001030614.1	NP_568308.1	61.977	263	97	3	550	810	788	1049	4.13e-90	306
NP_001030614.1	NP_001330695.1	95.312	320	15	0	1	320	80	399	0.0	654
NP_001030614.1	NP_001330695.1	80.161	373	66	4	280	650	442	808	0.0	584
NP_001030614.1	NP_001330695.1	61.977	263	97	3	550	810	788	1049	4.13e-90	306
NP_001030614.1	NP_001330694.1	95.312	320	15	0	1	320	86	405	0.0	654
NP_001030614.1	NP_001330694.1	80.161	373	66	4	280	650	448	814	0.0	584
NP_001030614.1	NP_001330694.1	61.977	263	97	3	550	810	794	1055	3.71e-90	307
NP_001030614.1	NP_001330691.1	95.312	320	15	0	1	320	80	399	0.0	654
NP_001030614.1	NP_001330691.1	80.161	373	66	4	280	650	442	808	0.0	584
NP_001030614.1	NP_001330691.1	47.020	151	78	2	550	698	788	938	4.69e-27	118
NP_001030614.1	NP_001190313.1	95.312	320	15	0	1	320	80	399	0.0	654
NP_001030614.1	NP_001190313.1	80.161	373	66	4	280	650	442	808	0.0	584
NP_001030614.1	NP_001190313.1	59.707	273	97	4	550	810	788	1059	4.20e-87	298
NP_001030614.1	NP_001330693.1	80.161	373	66	4	280	650	201	567	0.0	585
NP_001030614.1	NP_001330693.1	95.570	158	7	0	163	320	1	158	7.86e-99	325
NP_001030614.1	NP_001330693.1	61.977	263	97	3	550	810	547	808	5.00e-92	307
NP_001030614.1	NP_001330692.1	80.161	373	66	4	280	650	201	567	0.0	585
NP_001030614.1	NP_001330692.1	95.570	158	7	0	163	320	1	158	7.86e-99	325
NP_001030614.1	NP_001330692.1	61.977	263	97	3	550	810	547	808	5.00e-92	307
NP_001030615.2	NP_001030615.2	100.000	106	0	0	1	106	1	106	2.11e-74	215
NP_001030615.2	NP_001078080.1	57.547	106	40	1	1	106	1	101	1.01e-35	117
NP_001030615.2	NP_001078083.1	56.731	104	40	1	1	104	1	99	1.83e-34	114
NP_001030615.2	NP_001078082.1	53.846	104	43	1	1	104	1	99	1.24e-31	107
NP_001030615.2	NP_001078086.1	56.075	107	36	4	1	105	1	98	2.64e-31	106
NP_001030615.2	NP_001078084.1	54.717	106	38	3	1	105	1	97	1.16e-29	102
NP_001030615.2	NP_001078081.1	46.078	102	50	2	1	100	1	99	2.20e-26	94.4
NP_001030615.2	NP_001078216.1	42.453	106	50	3	1	105	1	96	7.61e-19	75.1
NP_001030615.2	NP_001078085.1	41.346	104	51	4	5	106	2	97	5.16e-15	65.1
NP_001030615.2	NP_974203.1	45.000	80	35	3	1	79	1	72	1.41e-11	56.6
NP_001030616.1	NP_186783.1	67.550	302	18	2	1	222	1	302	3.25e-129	367
NP_001030616.1	NP_001030616.1	67.550	302	18	2	1	222	1	302	3.25e-129	367
NP_001030616.1	NP_180566.1	61.258	302	37	2	1	222	1	302	4.46e-117	336
NP_001030616.1	NP_201533.1	30.435	207	98	8	26	205	421	608	3.77e-11	62.4
NP_001030616.1	NP_197897.3	25.701	214	127	7	9	206	416	613	1.44e-10	60.8
NP_001030616.1	NP_001330252.1	25.701	214	127	7	9	206	416	613	1.53e-10	60.8
NP_001030616.1	NP_564830.1	28.226	124	77	5	109	222	202	323	2.51e-07	50.8
NP_001030616.1	NP_200094.1	28.125	160	74	6	3	161	352	471	3.50e-07	50.4
NP_001030616.1	NP_190535.1	25.455	220	134	7	8	209	21	228	3.64e-07	50.1
NP_001030616.1	NP_181681.1	30.588	170	90	8	9	162	337	494	6.15e-07	50.1
NP_001030616.1	NP_001324961.1	30.588	170	90	8	9	162	337	494	6.15e-07	50.1
NP_001030616.1	NP_001031421.1	29.885	174	93	8	49	220	13	159	7.36e-07	49.3
NP_001030616.1	NP_565615.1	29.885	174	93	8	49	220	13	159	8.22e-07	49.3
NP_001030616.1	NP_192182.1	26.705	176	101	8	47	206	34	197	5.32e-06	47.0
NP_001030616.1	NP_001329096.1	28.022	182	116	7	45	220	9	181	8.36e-06	46.2
NP_001030616.1	NP_195025.5	28.022	182	116	7	45	220	9	181	9.71e-06	45.8
NP_001030617.1	NP_186785.1	100.000	239	0	0	1	239	81	319	1.23e-179	495
NP_001030617.1	NP_001030617.1	100.000	239	0	0	1	239	81	319	1.23e-179	495
NP_001030617.1	NP_175919.1	25.143	175	126	4	15	188	95	265	2.84e-12	65.5
NP_001030617.1	NP_175920.2	26.797	153	107	4	15	166	95	243	3.22e-11	62.4
NP_001030617.1	NP_197487.1	22.449	147	110	3	43	188	121	264	5.10e-09	55.8
NP_001030617.1	NP_001321101.1	25.688	109	79	1	32	140	112	218	7.60e-07	49.3
NP_001030617.1	NP_001321100.1	25.688	109	79	1	32	140	112	218	7.60e-07	49.3
NP_001030617.1	NP_564546.1	28.467	137	86	4	53	179	124	258	3.18e-06	47.8
NP_001030619.1	NP_974206.1	86.142	267	28	3	201	459	354	619	4.44e-157	459
NP_001030619.1	NP_974206.1	91.758	182	13	2	81	260	161	342	4.48e-106	328
NP_001030619.1	NP_974206.1	98.765	81	1	0	1	81	1	81	4.71e-47	172
NP_001030619.1	NP_850492.1	86.142	267	28	3	201	459	354	619	4.44e-157	459
NP_001030619.1	NP_850492.1	91.758	182	13	2	81	260	161	342	4.48e-106	328
NP_001030619.1	NP_850492.1	98.765	81	1	0	1	81	1	81	4.71e-47	172
NP_001030619.1	NP_001030619.1	86.142	267	28	3	201	459	354	619	4.44e-157	459
NP_001030619.1	NP_001030619.1	91.758	182	13	2	81	260	161	342	4.48e-106	328
NP_001030619.1	NP_001030619.1	98.765	81	1	0	1	81	1	81	4.71e-47	172
NP_001030619.1	NP_566141.1	85.768	267	28	4	201	459	354	618	1.01e-154	452
NP_001030619.1	NP_566141.1	91.758	182	13	2	81	260	161	342	3.83e-106	328
NP_001030619.1	NP_566141.1	98.765	81	1	0	1	81	1	81	4.65e-47	172
NP_001030619.1	NP_001331252.1	72.727	253	37	5	234	459	266	513	3.50e-106	325
NP_001030619.1	NP_001331252.1	85.350	157	22	1	93	248	45	201	7.16e-88	278
NP_001030619.1	NP_001331251.1	72.727	253	37	5	234	459	266	513	3.50e-106	325
NP_001030619.1	NP_001331251.1	85.350	157	22	1	93	248	45	201	7.16e-88	278
NP_001030619.1	NP_001190309.1	72.332	253	39	4	234	459	397	645	6.87e-106	328
NP_001030619.1	NP_001190309.1	85.207	169	24	1	81	248	164	332	2.65e-94	298
NP_001030619.1	NP_001190309.1	73.239	71	16	2	1	71	1	68	4.41e-25	108
NP_001030619.1	NP_001331250.1	72.727	253	37	5	234	459	397	644	1.68e-104	325
NP_001030619.1	NP_001331250.1	85.207	169	24	1	81	248	164	332	2.61e-94	298
NP_001030619.1	NP_001331250.1	73.239	71	16	2	1	71	1	68	4.53e-25	108
NP_001030619.1	NP_001331249.1	72.727	253	37	5	234	459	405	652	2.93e-104	324
NP_001030619.1	NP_001331249.1	85.207	169	24	1	81	248	172	340	3.72e-94	298
NP_001030619.1	NP_001331249.1	73.239	71	16	2	1	71	9	76	4.86e-25	108
NP_001030619.1	NP_196965.2	72.727	253	37	5	234	459	465	712	2.74e-103	323
NP_001030619.1	NP_196965.2	80.347	173	28	2	82	248	228	400	1.55e-86	280
NP_001030619.1	NP_196965.2	73.239	71	16	2	1	71	1	68	6.64e-25	108
NP_001030619.1	NP_001331248.1	85.207	169	24	1	81	248	172	340	1.70e-96	300
NP_001030619.1	NP_001331248.1	75.269	93	23	0	234	326	405	497	1.91e-38	146
NP_001030619.1	NP_001331248.1	73.239	71	16	2	1	71	9	76	2.32e-25	108
NP_001030619.1	NP_001327723.1	77.515	169	37	1	81	248	438	606	1.47e-85	278
NP_001030619.1	NP_001327723.1	69.512	82	25	0	234	315	671	752	4.81e-29	121
NP_001030619.1	NP_001327723.1	69.091	55	15	1	4	58	7	59	8.09e-16	80.5
NP_001030619.1	NP_187299.1	77.515	169	37	1	81	248	438	606	1.85e-83	278
NP_001030619.1	NP_187299.1	73.103	145	39	0	234	378	671	815	3.33e-65	227
NP_001030619.1	NP_187299.1	69.091	55	15	1	4	58	7	59	9.60e-16	80.5
NP_001030619.1	NP_187573.1	37.766	376	176	9	83	404	401	772	5.40e-66	229
NP_001030619.1	NP_001327248.1	37.766	376	176	9	83	404	402	773	5.83e-66	228
NP_001030619.1	NP_175911.1	53.500	200	72	4	58	240	67	262	2.72e-62	210
NP_001030619.1	NP_175911.1	54.930	142	63	1	235	375	336	477	2.41e-46	167
NP_001030619.1	NP_001322402.1	53.500	200	72	4	58	240	92	287	8.95e-62	209
NP_001030619.1	NP_001322402.1	54.930	142	63	1	235	375	361	502	4.81e-46	167
NP_001030619.1	NP_568964.1	57.396	169	66	3	84	248	171	337	6.25e-60	204
NP_001030619.1	NP_568964.1	60.563	71	27	1	243	312	410	480	8.12e-18	86.3
NP_001030619.1	NP_001331873.1	57.396	169	66	3	84	248	171	337	7.30e-60	203
NP_001030619.1	NP_001331873.1	63.077	65	23	1	243	306	410	474	1.77e-17	85.1
NP_001030619.1	NP_001331872.1	57.396	169	66	3	84	248	171	337	7.30e-60	203
NP_001030619.1	NP_001331872.1	63.077	65	23	1	243	306	410	474	1.77e-17	85.1
NP_001030619.1	NP_001331871.1	57.396	169	66	3	84	248	171	337	7.30e-60	203
NP_001030619.1	NP_001331871.1	63.077	65	23	1	243	306	410	474	1.77e-17	85.1
NP_001030619.1	NP_974985.1	57.396	169	66	3	84	248	171	337	4.33e-59	204
NP_001030619.1	NP_974985.1	62.963	135	49	1	243	376	410	544	5.63e-50	179
NP_001030619.1	NP_001077571.1	32.840	405	185	11	83	404	196	596	2.50e-51	186
NP_001030619.1	NP_173516.1	32.840	405	185	11	83	404	534	934	4.27e-51	186
NP_001030619.1	NP_001322015.1	32.840	405	185	11	83	404	534	934	4.27e-51	186
NP_001030619.1	NP_001322014.1	32.840	405	185	11	83	404	534	934	4.27e-51	186
NP_001030619.1	NP_001322013.1	32.840	405	185	11	83	404	534	934	4.27e-51	186
NP_001030619.1	NP_001322012.1	32.840	405	185	11	83	404	534	934	4.27e-51	186
NP_001030619.1	NP_001322011.1	32.840	405	185	11	83	404	534	934	4.27e-51	186
NP_001030619.1	NP_181780.1	50.633	158	71	3	98	248	179	336	1.46e-41	157
NP_001030619.1	NP_181780.1	51.064	141	66	2	247	384	422	562	8.34e-36	140
NP_001030619.1	NP_001324554.1	50.633	158	71	3	98	248	179	336	1.46e-41	157
NP_001030619.1	NP_001324554.1	51.064	141	66	2	247	384	422	562	8.34e-36	140
NP_001030619.1	NP_001324553.1	50.633	158	71	3	98	248	179	336	1.46e-41	157
NP_001030619.1	NP_001324553.1	51.064	141	66	2	247	384	422	562	8.34e-36	140
NP_001030619.1	NP_174479.1	45.087	173	85	3	75	240	112	281	4.38e-41	154
NP_001030619.1	NP_174479.1	47.059	136	71	1	244	378	367	502	1.25e-30	124
NP_001030619.1	NP_566099.1	41.711	187	102	4	67	248	216	400	2.43e-39	151
NP_001030619.1	NP_566099.1	42.857	154	82	3	229	380	463	612	1.72e-30	125
NP_001030619.1	NP_974455.1	49.367	158	73	3	98	248	171	328	3.40e-39	150
NP_001030619.1	NP_974455.1	48.905	137	69	1	244	379	409	545	3.24e-35	138
NP_001030619.1	NP_567067.1	49.367	158	73	3	98	248	171	328	3.40e-39	150
NP_001030619.1	NP_567067.1	48.905	137	69	1	244	379	409	545	3.24e-35	138
NP_001030619.1	NP_001030884.1	49.367	158	73	3	98	248	171	328	3.40e-39	150
NP_001030619.1	NP_001030884.1	48.905	137	69	1	244	379	409	545	3.24e-35	138
NP_001030619.1	NP_191416.1	49.367	158	73	3	98	248	166	323	4.87e-39	149
NP_001030619.1	NP_191416.1	50.355	141	67	2	247	384	409	549	1.61e-35	139
NP_001030619.1	NP_180929.1	43.902	164	88	1	81	240	316	479	2.50e-36	142
NP_001030619.1	NP_180929.1	38.547	179	103	5	203	378	539	713	7.84e-31	126
NP_001030619.1	NP_195063.1	43.293	164	87	3	246	407	351	510	1.09e-31	127
NP_001030619.1	NP_195063.1	40.476	168	86	3	85	240	104	269	7.06e-28	116
NP_001030619.1	NP_199941.1	42.073	164	89	3	246	407	400	559	1.18e-30	125
NP_001030619.1	NP_199941.1	40.237	169	85	4	85	240	153	318	3.09e-26	112
NP_001030619.1	NP_188610.1	45.865	133	64	2	244	375	275	400	3.23e-30	121
NP_001030619.1	NP_188610.1	37.580	157	94	2	84	240	41	193	9.38e-23	100
NP_001030619.1	NP_188872.2	40.741	162	86	4	84	240	110	266	2.14e-29	121
NP_001030619.1	NP_188872.2	48.333	120	58	2	243	362	349	464	4.57e-27	114
NP_001030619.1	NP_974208.1	38.122	181	105	3	67	240	96	276	3.29e-29	120
NP_001030619.1	NP_974208.1	32.836	134	88	1	247	378	361	494	3.44e-19	90.5
NP_001030619.1	NP_001030621.1	38.122	181	105	3	67	240	96	276	3.29e-29	120
NP_001030619.1	NP_001030621.1	32.836	134	88	1	247	378	361	494	3.44e-19	90.5
NP_001030619.1	NP_001319095.1	44.118	136	72	1	108	239	3	138	5.41e-29	117
NP_001030619.1	NP_001319095.1	41.606	137	77	2	238	372	213	348	2.17e-26	110
NP_001030619.1	NP_175549.1	46.957	115	60	1	244	357	262	376	6.87e-29	117
NP_001030619.1	NP_175549.1	35.032	157	98	1	84	240	28	180	8.62e-21	94.4
NP_001030619.1	NP_001327663.1	40.123	162	87	4	84	240	122	278	1.13e-28	119
NP_001030619.1	NP_001327663.1	47.863	117	60	1	243	359	361	476	1.90e-26	112
NP_001030619.1	NP_188870.1	40.123	162	87	4	84	240	122	278	1.21e-28	119
NP_001030619.1	NP_188870.1	47.863	117	60	1	243	359	361	476	2.00e-26	112
NP_001030619.1	NP_177829.5	37.267	161	98	2	81	240	31	189	9.17e-28	117
NP_001030619.1	NP_177829.5	35.088	114	73	1	245	357	273	386	6.29e-15	77.8
NP_001030619.1	NP_680225.2	43.827	162	80	4	87	240	110	268	1.69e-27	116
NP_001030619.1	NP_680225.2	49.505	101	51	0	243	343	351	451	1.21e-24	107
NP_001030619.1	NP_001031943.1	43.827	162	80	4	87	240	110	268	1.70e-27	116
NP_001030619.1	NP_001031943.1	49.505	101	51	0	243	343	351	451	1.21e-24	107
NP_001030619.1	NP_201025.1	43.038	158	83	3	90	240	107	264	3.37e-27	115
NP_001030619.1	NP_201025.1	44.248	113	57	2	243	355	350	456	1.21e-19	92.4
NP_001030619.1	NP_001190402.1	46.324	136	63	3	112	240	43	175	6.29e-26	111
NP_001030619.1	NP_001190402.1	49.505	101	51	0	243	343	258	358	1.65e-24	107
NP_001030619.1	NP_187583.2	40.299	134	79	1	246	378	383	516	1.93e-25	109
NP_001030619.1	NP_187583.2	36.000	150	91	2	89	238	152	296	1.28e-22	100
NP_001030619.1	NP_001326599.1	40.299	134	79	1	246	378	383	516	1.93e-25	109
NP_001030619.1	NP_001326599.1	36.000	150	91	2	89	238	152	296	1.28e-22	100
NP_001030619.1	NP_568931.1	39.634	164	90	3	84	238	15	178	8.79e-25	107
NP_001030619.1	NP_568931.1	41.121	107	58	2	242	345	259	363	4.58e-18	86.7
NP_001030619.1	NP_193396.3	36.464	181	111	3	89	266	178	357	3.11e-24	106
NP_001030619.1	NP_193396.3	28.173	394	210	16	12	350	145	520	9.93e-22	99.0
NP_001030619.1	NP_177417.1	36.090	133	84	1	244	375	281	413	4.02e-24	104
NP_001030619.1	NP_177417.1	37.654	162	93	4	81	240	44	199	2.73e-17	84.0
NP_001030619.1	NP_001189885.1	36.842	133	83	1	244	375	274	406	1.89e-23	102
NP_001030619.1	NP_001189885.1	33.529	170	109	3	71	240	27	192	2.16e-15	78.2
NP_001030619.1	NP_001078148.1	36.842	133	83	1	244	375	269	401	1.94e-23	102
NP_001030619.1	NP_001078148.1	35.000	160	100	3	81	240	32	187	1.17e-16	82.0
NP_001030619.1	NP_566469.1	36.842	133	83	1	244	375	279	411	2.41e-23	102
NP_001030619.1	NP_566469.1	33.750	160	102	1	81	240	42	197	1.08e-16	82.4
NP_001030619.1	NP_001185220.1	36.842	133	83	1	244	375	274	406	3.13e-23	101
NP_001030619.1	NP_001185220.1	35.088	171	102	4	73	240	28	192	7.40e-15	76.6
NP_001030619.1	NP_177293.1	36.413	184	94	8	76	240	4	183	3.34e-23	102
NP_001030619.1	NP_177293.1	37.500	104	59	2	273	376	300	397	3.95e-12	68.6
NP_001030619.1	NP_175829.1	36.842	133	83	1	244	375	279	411	3.39e-23	101
NP_001030619.1	NP_175829.1	35.088	171	103	3	81	249	42	206	1.88e-16	81.6
NP_001030619.1	NP_201391.1	36.478	159	100	1	81	238	157	315	4.69e-23	102
NP_001030619.1	NP_201391.1	32.609	138	81	5	245	378	402	531	2.97e-12	69.3
NP_001030619.1	NP_849535.1	37.333	150	90	2	88	237	141	286	8.80e-23	101
NP_001030619.1	NP_849535.1	29.878	164	107	3	217	372	335	498	8.74e-19	89.4
NP_001030619.1	NP_191975.2	37.333	150	90	2	88	237	141	286	8.80e-23	101
NP_001030619.1	NP_191975.2	29.878	164	107	3	217	372	335	498	8.74e-19	89.4
NP_001030619.1	NP_200302.1	28.571	371	174	13	96	376	89	458	1.04e-22	102
NP_001030619.1	NP_196478.2	38.710	186	98	8	68	240	371	553	3.70e-22	100
NP_001030619.1	NP_196478.2	40.000	105	60	2	245	347	642	745	9.60e-16	80.5
NP_001030619.1	NP_173078.1	40.152	132	75	2	247	377	306	434	4.90e-22	99.0
NP_001030619.1	NP_173078.1	38.776	147	83	4	97	240	77	219	2.86e-20	93.6
NP_001030619.1	NP_001319547.1	41.818	110	63	1	244	352	279	388	1.63e-21	96.7
NP_001030619.1	NP_001319547.1	33.750	160	102	1	81	240	42	197	8.99e-17	82.4
NP_001030619.1	NP_001327653.1	41.818	110	63	1	244	352	283	392	1.79e-21	96.7
NP_001030619.1	NP_001327653.1	33.750	160	102	1	81	240	46	201	8.79e-17	82.8
NP_001030619.1	NP_001323383.1	36.364	176	89	8	76	240	13	176	2.09e-21	95.5
NP_001030619.1	NP_181602.2	39.189	148	86	3	97	240	50	197	2.23e-21	97.4
NP_001030619.1	NP_181602.2	32.800	125	65	1	241	346	330	454	7.27e-16	80.5
NP_001030619.1	NP_196479.1	36.269	193	112	6	59	240	59	251	2.41e-21	97.4
NP_001030619.1	NP_196479.1	34.266	143	90	3	243	383	338	478	2.73e-16	81.6
NP_001030619.1	NP_177284.1	36.364	176	89	8	76	240	13	176	3.95e-21	96.3
NP_001030619.1	NP_001322293.1	35.032	157	98	1	84	240	28	180	4.07e-21	93.6
NP_001030619.1	NP_188490.1	37.063	143	89	1	97	238	108	250	8.03e-21	95.9
NP_001030619.1	NP_188490.1	33.981	103	66	2	243	343	334	436	1.30e-10	63.9
NP_001030619.1	NP_001322294.1	35.032	157	98	1	84	240	28	180	1.13e-20	92.4
NP_001030619.1	NP_850499.1	36.232	138	84	1	107	240	2	139	1.43e-20	93.6
NP_001030619.1	NP_850499.1	32.836	134	88	1	247	378	224	357	8.38e-20	91.3
NP_001030619.1	NP_182105.1	24.672	381	197	9	48	350	131	499	1.83e-20	94.4
NP_001030619.1	NP_001320749.1	40.708	113	63	1	110	218	5	117	1.84e-20	87.0
NP_001030619.1	NP_849348.1	32.143	196	122	4	54	240	86	279	1.91e-20	94.7
NP_001030619.1	NP_849348.1	39.231	130	65	6	231	350	354	479	6.92e-17	83.6
NP_001030619.1	NP_001322292.1	35.032	157	98	1	84	240	28	180	2.05e-20	92.0
NP_001030619.1	NP_196164.1	34.783	161	94	5	88	240	26	183	2.94e-20	94.0
NP_001030619.1	NP_196164.1	46.667	75	40	0	272	346	308	382	1.15e-11	67.4
NP_001030619.1	NP_188307.3	32.961	179	94	5	85	240	197	372	1.15e-19	92.8
NP_001030619.1	NP_188307.3	28.125	128	89	2	245	370	504	630	3.51e-13	72.4
NP_001030619.1	NP_001326753.1	32.961	179	94	5	85	240	198	373	1.17e-19	92.4
NP_001030619.1	NP_001326753.1	28.125	128	89	2	245	370	505	631	3.54e-13	72.4
NP_001030619.1	NP_974472.1	36.424	151	90	3	88	237	134	279	1.53e-19	91.7
NP_001030619.1	NP_974472.1	30.986	142	90	3	217	350	328	469	4.24e-17	84.0
NP_001030619.1	NP_191683.1	36.424	151	90	3	88	237	134	279	1.53e-19	91.7
NP_001030619.1	NP_191683.1	30.986	142	90	3	217	350	328	469	4.24e-17	84.0
NP_001030619.1	NP_201168.3	36.527	167	93	6	85	240	255	419	3.82e-19	90.9
NP_001030619.1	NP_201168.3	37.838	111	66	2	239	347	502	611	6.42e-16	80.9
NP_001030619.1	NP_001318870.1	36.527	167	93	6	85	240	61	225	4.91e-19	90.1
NP_001030619.1	NP_001318870.1	36.364	121	74	2	239	357	308	427	3.38e-16	81.3
NP_001030619.1	NP_172737.2	31.280	211	116	4	38	237	88	280	3.34e-18	87.8
NP_001030619.1	NP_172737.2	39.000	100	60	1	246	344	410	509	1.29e-13	73.6
NP_001030619.1	NP_001322468.1	31.280	211	116	4	38	237	88	280	3.34e-18	87.8
NP_001030619.1	NP_001322468.1	39.000	100	60	1	246	344	410	509	1.29e-13	73.6
NP_001030619.1	NP_568245.1	35.849	159	90	6	85	238	53	204	3.85e-18	86.7
NP_001030619.1	NP_568245.1	34.586	133	80	3	244	375	289	415	1.32e-17	85.1
NP_001030619.1	NP_568244.2	35.849	159	90	6	85	238	53	204	3.85e-18	86.7
NP_001030619.1	NP_568244.2	34.586	133	80	3	244	375	289	415	1.32e-17	85.1
NP_001030619.1	NP_001154706.1	35.849	159	90	6	85	238	53	204	5.35e-18	86.7
NP_001030619.1	NP_001154706.1	34.586	133	80	3	244	375	348	474	1.54e-17	85.5
NP_001030619.1	NP_001154707.1	35.849	159	90	6	85	238	53	204	5.70e-18	86.7
NP_001030619.1	NP_001154707.1	34.586	133	80	3	244	375	330	456	1.67e-17	85.1
NP_001030619.1	NP_190879.1	34.146	123	72	3	234	348	332	453	8.11e-18	86.3
NP_001030619.1	NP_001318536.1	34.586	133	80	3	244	375	206	332	8.30e-18	85.1
NP_001030619.1	NP_001318536.1	35.433	127	70	6	117	238	2	121	2.52e-09	59.3
NP_001030619.1	NP_193320.6	38.017	121	71	1	243	359	335	455	1.28e-17	85.9
NP_001030619.1	NP_193320.6	31.522	184	97	6	80	237	33	213	9.16e-12	67.4
NP_001030619.1	NP_187354.1	29.448	163	103	3	84	237	380	539	6.40e-17	84.0
NP_001030619.1	NP_187354.1	35.652	115	63	3	242	345	634	748	1.26e-10	64.3
NP_001030619.1	NP_195217.1	33.333	174	106	5	76	240	44	216	7.75e-17	83.6
NP_001030619.1	NP_195217.1	31.008	129	51	3	245	336	303	430	4.18e-09	59.3
NP_001030619.1	NP_176514.1	36.111	108	66	2	242	347	586	692	1.07e-14	77.0
NP_001030619.1	NP_176514.1	30.899	178	109	6	75	240	325	500	2.57e-14	75.9
NP_001030619.1	NP_178818.1	36.111	108	66	2	242	347	633	739	1.66e-14	76.6
NP_001030619.1	NP_178818.1	29.545	176	114	5	75	240	372	547	2.38e-14	76.3
NP_001030619.1	NP_974812.1	32.919	161	97	4	84	237	81	237	5.52e-13	71.2
NP_001030619.1	NP_974812.1	42.188	64	37	0	272	335	371	434	2.18e-09	60.1
NP_001030619.1	NP_195299.2	28.947	114	80	1	247	359	260	373	4.09e-11	65.9
NP_001030619.1	NP_849500.1	28.947	114	80	1	247	359	167	280	4.83e-11	65.5
NP_001030619.1	NP_176207.1	34.483	116	60	2	273	388	455	554	1.18e-10	64.3
NP_001030619.1	NP_176207.1	28.641	206	119	6	96	282	98	294	1.35e-10	63.9
NP_001030619.1	NP_001321198.1	34.483	116	60	2	273	388	455	554	1.24e-10	63.9
NP_001030619.1	NP_001321198.1	28.641	206	119	6	96	282	98	294	1.35e-10	63.9
NP_001030619.1	NP_197422.2	42.188	64	37	0	272	335	214	277	1.95e-09	59.3
NP_001030619.1	NP_001330950.1	42.188	64	37	0	272	335	214	277	1.95e-09	59.3
NP_001030619.1	NP_001322844.1	21.785	381	213	11	97	393	86	465	2.87e-09	59.7
NP_001030619.1	NP_001322841.1	21.785	381	213	11	97	393	86	465	2.87e-09	59.7
NP_001030619.1	NP_001322842.1	21.785	381	213	11	97	393	86	465	3.64e-09	59.3
NP_001030619.1	NP_001322840.1	21.785	381	213	11	97	393	86	465	5.08e-09	58.9
NP_001030619.1	NP_001322843.1	21.785	381	213	11	97	393	86	465	5.13e-09	58.9
NP_001030619.1	NP_174109.2	29.268	123	81	3	234	351	473	594	5.18e-09	59.3
NP_001030619.1	NP_001320575.1	29.268	123	81	3	234	351	473	594	5.91e-09	58.9
NP_001030619.1	NP_172562.2	24.242	132	97	2	229	358	659	789	9.61e-09	58.5
NP_001030619.1	NP_174421.3	23.697	211	138	5	206	393	289	499	2.16e-08	57.0
NP_001030619.1	NP_001077639.1	23.697	211	138	5	206	393	130	340	2.34e-08	57.0
NP_001030619.1	NP_001319121.1	23.697	211	138	5	206	393	255	465	2.76e-08	56.6
NP_001030619.1	NP_176289.7	25.758	132	95	2	229	358	675	805	6.19e-08	55.8
NP_001030619.1	NP_001327100.1	23.140	121	91	1	247	365	346	466	4.55e-07	52.8
NP_001030619.1	NP_187225.2	23.140	121	91	1	247	365	431	551	8.44e-07	52.0
NP_001030619.1	NP_001330078.1	30.000	130	77	4	241	359	261	387	5.18e-06	49.7
NP_001030619.1	NP_001190348.1	30.000	130	77	4	241	359	472	598	5.27e-06	49.7
NP_001030619.1	NP_197532.3	30.000	130	77	4	241	359	486	612	5.27e-06	49.7
NP_001030620.1	NP_186840.1	99.664	298	1	0	1	298	96	393	0.0	611
NP_001030620.1	NP_001030620.1	100.000	298	0	0	1	298	1	298	0.0	611
NP_001030620.1	NP_001078089.1	100.000	228	0	0	71	298	14	241	2.57e-170	471
NP_001030620.1	NP_177899.1	32.248	307	175	8	1	289	195	486	1.19e-45	165
NP_001030620.1	NP_174901.1	33.657	309	171	9	1	289	189	483	5.01e-45	163
NP_001030621.1	NP_974208.1	100.000	425	0	0	1	425	81	505	0.0	864
NP_001030621.1	NP_001030621.1	100.000	425	0	0	1	425	81	505	0.0	864
NP_001030621.1	NP_850499.1	100.000	368	0	0	58	425	1	368	0.0	749
NP_001030621.1	NP_181780.1	35.922	412	251	5	15	414	144	554	1.08e-80	261
NP_001030621.1	NP_001324554.1	35.922	412	251	5	15	414	144	554	1.08e-80	261
NP_001030621.1	NP_001324553.1	35.922	412	251	5	15	414	144	554	1.08e-80	261
NP_001030621.1	NP_974455.1	35.366	410	254	5	15	414	136	544	3.83e-80	259
NP_001030621.1	NP_567067.1	35.366	410	254	5	15	414	136	544	3.83e-80	259
NP_001030621.1	NP_001030884.1	35.366	410	254	5	15	414	136	544	3.83e-80	259
NP_001030621.1	NP_191416.1	35.680	412	252	6	15	414	131	541	8.44e-80	259
NP_001030621.1	NP_001331249.1	35.952	420	251	8	12	424	153	561	9.10e-78	254
NP_001030621.1	NP_001331250.1	35.952	420	251	8	12	424	145	553	9.11e-78	253
NP_001030621.1	NP_001190309.1	35.952	420	251	8	12	424	145	553	1.01e-77	253
NP_001030621.1	NP_566141.1	34.483	406	254	6	12	414	142	538	1.88e-75	247
NP_001030621.1	NP_974206.1	34.483	406	254	6	12	414	142	538	2.11e-75	247
NP_001030621.1	NP_850492.1	34.483	406	254	6	12	414	142	538	2.11e-75	247
NP_001030621.1	NP_001030619.1	34.483	406	254	6	12	414	142	538	2.11e-75	247
NP_001030621.1	NP_187299.1	34.140	413	254	7	8	414	415	815	9.52e-74	250
NP_001030621.1	NP_175911.1	34.860	393	249	5	21	411	90	477	2.04e-73	238
NP_001030621.1	NP_974985.1	33.981	412	261	7	3	411	140	543	2.52e-73	241
NP_001030621.1	NP_001322402.1	34.860	393	249	5	21	411	115	502	5.14e-73	238
NP_001030621.1	NP_001331252.1	35.325	385	233	7	47	424	47	422	2.57e-69	228
NP_001030621.1	NP_001331251.1	35.325	385	233	7	47	424	47	422	2.57e-69	228
NP_001030621.1	NP_196965.2	34.815	405	248	7	27	424	226	621	1.02e-68	231
NP_001030621.1	NP_180929.1	32.319	427	260	5	3	408	288	706	1.80e-67	228
NP_001030621.1	NP_195063.1	32.297	418	269	7	3	412	72	483	1.12e-64	217
NP_001030621.1	NP_199941.1	31.265	419	274	6	3	413	121	533	5.06e-63	213
NP_001030621.1	NP_001331248.1	37.135	342	199	7	12	348	153	483	8.23e-63	211
NP_001030621.1	NP_001077571.1	30.993	413	274	7	3	411	166	571	1.86e-62	216
NP_001030621.1	NP_173516.1	30.993	413	274	7	3	411	504	909	4.30e-61	214
NP_001030621.1	NP_001322015.1	30.993	413	274	7	3	411	504	909	4.30e-61	214
NP_001030621.1	NP_001322014.1	30.993	413	274	7	3	411	504	909	4.30e-61	214
NP_001030621.1	NP_001322013.1	30.993	413	274	7	3	411	504	909	4.30e-61	214
NP_001030621.1	NP_001322012.1	30.993	413	274	7	3	411	504	909	4.30e-61	214
NP_001030621.1	NP_001322011.1	30.993	413	274	7	3	411	504	909	4.30e-61	214
NP_001030621.1	NP_001327723.1	34.188	351	213	7	8	352	415	753	7.94e-58	202
NP_001030621.1	NP_187583.2	31.517	422	266	10	9	422	118	524	1.01e-57	198
NP_001030621.1	NP_001326599.1	31.517	422	266	10	9	422	118	524	1.01e-57	198
NP_001030621.1	NP_174479.1	34.165	401	245	9	31	422	117	507	2.85e-57	197
NP_001030621.1	NP_001319095.1	31.250	352	237	3	58	408	1	348	4.71e-56	189
NP_001030621.1	NP_566469.1	30.676	414	271	6	3	411	9	411	1.22e-55	189
NP_001030621.1	NP_566099.1	30.024	423	276	8	1	415	201	611	2.41e-55	196
NP_001030621.1	NP_001078148.1	31.593	383	249	5	31	411	30	401	4.05e-55	188
NP_001030621.1	NP_188610.1	28.792	389	258	5	28	411	33	407	4.78e-55	188
NP_001030621.1	NP_177417.1	32.603	365	233	5	31	393	42	395	4.91e-55	188
NP_001030621.1	NP_001331873.1	33.528	343	217	7	3	342	140	474	4.91e-55	190
NP_001030621.1	NP_001331872.1	33.528	343	217	7	3	342	140	474	4.91e-55	190
NP_001030621.1	NP_001331871.1	33.528	343	217	7	3	342	140	474	4.91e-55	190
NP_001030621.1	NP_568964.1	33.528	343	217	7	3	342	140	474	5.45e-55	189
NP_001030621.1	NP_001319547.1	31.633	392	252	6	3	389	9	389	8.96e-55	187
NP_001030621.1	NP_001327653.1	31.633	392	252	6	3	389	13	393	1.20e-54	187
NP_001030621.1	NP_001189885.1	30.676	414	266	7	3	411	9	406	7.65e-54	184
NP_001030621.1	NP_001327248.1	29.529	403	244	7	10	408	379	745	1.29e-52	189
NP_001030621.1	NP_187573.1	29.529	403	244	7	10	408	378	744	1.34e-52	189
NP_001030621.1	NP_193396.3	33.058	363	234	6	31	390	168	524	2.30e-52	187
NP_001030621.1	NP_175829.1	31.070	383	251	5	31	411	40	411	7.34e-52	179
NP_001030621.1	NP_849535.1	31.768	362	231	8	32	390	133	481	2.39e-51	180
NP_001030621.1	NP_191975.2	31.768	362	231	8	32	390	133	481	2.39e-51	180
NP_001030621.1	NP_175549.1	29.091	385	258	6	28	409	20	392	2.66e-51	177
NP_001030621.1	NP_188872.2	30.081	369	248	7	20	385	94	455	2.73e-50	179
NP_001030621.1	NP_001185220.1	31.070	383	246	6	31	411	40	406	5.77e-50	174
NP_001030621.1	NP_568931.1	32.065	368	229	9	29	384	8	366	7.68e-50	175
NP_001030621.1	NP_974472.1	32.123	358	228	7	32	387	126	470	1.01e-48	173
NP_001030621.1	NP_191683.1	32.123	358	228	7	32	387	126	470	1.01e-48	173
NP_001030621.1	NP_182105.1	31.844	358	229	7	32	387	156	500	6.06e-48	172
NP_001030621.1	NP_001327663.1	29.248	359	244	7	30	385	116	467	2.94e-47	171
NP_001030621.1	NP_188870.1	29.248	359	244	7	30	385	116	467	3.58e-47	171
NP_001030621.1	NP_177829.5	31.044	364	242	5	32	393	30	386	1.03e-46	172
NP_001030621.1	NP_680225.2	32.493	357	229	8	30	380	102	452	6.53e-45	166
NP_001030621.1	NP_001031943.1	32.493	357	229	8	30	380	102	452	6.57e-45	166
NP_001030621.1	NP_181602.2	30.377	451	228	16	31	404	31	472	1.14e-44	164
NP_001030621.1	NP_173078.1	31.593	364	233	7	32	389	60	413	2.03e-43	159
NP_001030621.1	NP_568245.1	31.183	372	235	10	21	382	32	392	4.99e-42	154
NP_001030621.1	NP_568244.2	31.183	372	235	10	21	382	32	392	4.99e-42	154
NP_001030621.1	NP_001190402.1	32.817	323	205	8	64	380	43	359	3.75e-41	155
NP_001030621.1	NP_177293.1	29.577	355	237	8	37	382	23	373	3.00e-38	145
NP_001030621.1	NP_849348.1	27.720	386	262	6	29	400	111	493	4.48e-38	146
NP_001030621.1	NP_201025.1	29.310	348	232	7	44	383	110	451	2.16e-37	144
NP_001030621.1	NP_001154707.1	28.986	414	230	13	21	382	32	433	3.58e-37	141
NP_001030621.1	NP_196479.1	29.121	364	242	9	32	382	82	442	4.46e-37	142
NP_001030621.1	NP_001318870.1	29.282	362	244	8	32	382	56	416	2.11e-36	140
NP_001030621.1	NP_201168.3	29.282	362	244	8	32	382	250	610	9.50e-36	140
NP_001030621.1	NP_001154706.1	28.074	431	230	12	21	382	32	451	9.92e-36	137
NP_001030621.1	NP_196164.1	28.412	359	229	10	45	382	31	382	1.33e-34	135
NP_001030621.1	NP_188490.1	29.775	356	238	9	30	380	89	437	2.38e-34	135
NP_001030621.1	NP_001318536.1	31.447	318	202	9	70	382	3	309	7.76e-34	129
NP_001030621.1	NP_196478.2	29.121	364	242	9	32	382	384	744	1.42e-33	134
NP_001030621.1	NP_172737.2	27.273	407	239	9	31	384	111	513	7.32e-33	130
NP_001030621.1	NP_001322468.1	27.273	407	239	9	31	384	111	513	7.32e-33	130
NP_001030621.1	NP_201391.1	28.841	371	253	9	31	396	155	519	1.06e-30	125
NP_001030621.1	NP_200302.1	27.000	400	271	13	29	421	70	455	1.65e-30	124
NP_001030621.1	NP_188307.3	24.249	433	258	10	32	397	192	621	1.68e-30	124
NP_001030621.1	NP_001326753.1	24.249	433	258	10	32	397	193	622	1.73e-30	124
NP_001030621.1	NP_195217.1	25.604	414	260	7	31	399	47	457	8.58e-29	119
NP_001030621.1	NP_187354.1	27.390	387	234	12	31	382	375	749	4.83e-28	117
NP_001030621.1	NP_176514.1	28.382	377	251	10	32	393	330	702	6.59e-28	117
NP_001030621.1	NP_001322293.1	28.279	244	163	4	28	270	20	252	1.53e-27	110
NP_001030621.1	NP_190879.1	25.666	413	259	14	32	417	93	484	6.99e-27	112
NP_001030621.1	NP_178818.1	27.851	377	253	10	32	393	377	749	1.12e-26	113
NP_001030621.1	NP_177284.1	28.793	323	197	10	27	344	14	308	2.18e-26	111
NP_001030621.1	NP_001323383.1	28.793	323	197	10	27	344	14	308	2.20e-26	108
NP_001030621.1	NP_001322294.1	31.313	198	127	3	28	224	20	209	2.20e-26	108
NP_001030621.1	NP_001322292.1	31.313	198	127	3	28	224	20	209	2.74e-26	108
NP_001030621.1	NP_974812.1	26.446	363	228	9	37	371	83	434	2.77e-26	110
NP_001030621.1	NP_001320749.1	33.898	118	78	0	58	175	1	118	3.79e-20	86.3
NP_001030621.1	NP_193320.6	21.789	436	264	9	37	404	38	464	6.64e-18	86.3
NP_001030621.1	NP_172562.2	24.363	353	219	14	55	386	456	781	1.99e-14	76.3
NP_001030621.1	NP_176289.7	24.646	353	218	14	55	386	472	797	6.82e-13	71.2
NP_001030621.1	NP_001321198.1	25.604	207	135	7	15	208	65	265	5.32e-12	68.2
NP_001030621.1	NP_001321198.1	29.927	137	83	4	290	424	441	566	1.13e-07	54.3
NP_001030621.1	NP_176207.1	25.604	207	135	7	15	208	65	265	6.94e-12	67.8
NP_001030621.1	NP_176207.1	31.532	111	66	3	290	398	441	543	1.30e-07	54.3
NP_001030621.1	NP_195299.2	23.164	354	220	13	57	387	41	365	6.23e-11	65.1
NP_001030621.1	NP_001327100.1	23.822	382	232	14	44	399	113	461	6.79e-11	64.7
NP_001030621.1	NP_174109.2	24.318	403	243	18	10	385	226	593	1.50e-10	63.9
NP_001030621.1	NP_001320575.1	24.932	369	217	17	42	385	260	593	1.56e-10	63.9
NP_001030621.1	NP_187225.2	23.822	382	232	14	44	399	198	546	2.19e-10	63.2
NP_001030621.1	NP_849500.1	25.833	240	154	8	160	387	45	272	1.95e-09	60.1
NP_001030621.1	NP_197422.2	22.745	255	174	6	138	371	25	277	2.08e-09	58.9
NP_001030621.1	NP_001330950.1	22.745	255	174	6	138	371	25	277	2.08e-09	58.9
NP_001030621.1	NP_180427.1	20.312	320	222	10	106	411	196	496	9.15e-07	51.6
NP_001030621.1	NP_001330793.1	28.155	103	73	1	281	383	371	472	1.52e-06	51.2
NP_001030621.1	NP_568499.1	28.155	103	73	1	281	383	501	602	2.07e-06	50.8
NP_001030621.1	NP_001330796.1	28.155	103	73	1	281	383	501	602	2.07e-06	50.8
NP_001030621.1	NP_001330794.1	28.155	103	73	1	281	383	501	602	2.07e-06	50.8
NP_001030621.1	NP_001330792.1	28.155	103	73	1	281	383	501	602	2.07e-06	50.8
NP_001030623.1	NP_001030623.1	100.000	310	0	0	1	310	1	310	0.0	630
NP_001030623.1	NP_186900.3	100.000	307	0	0	1	307	1	307	0.0	624
NP_001030623.1	NP_186900.3	31.076	251	136	7	9	240	114	346	1.27e-24	102
NP_001030623.1	NP_001332343.1	88.599	307	35	0	1	307	1	307	0.0	561
NP_001030623.1	NP_197108.1	88.599	307	35	0	1	307	1	307	0.0	558
NP_001030623.1	NP_197108.1	31.474	251	135	7	9	240	114	346	4.00e-26	107
NP_001030623.1	NP_001326260.1	100.000	249	0	0	59	307	1	249	0.0	509
NP_001030623.1	NP_001326260.1	29.795	292	152	9	9	265	56	329	6.66e-25	102
NP_001030623.1	NP_201191.1	31.661	319	191	9	1	307	30	333	4.66e-42	150
NP_001030623.1	NP_201191.1	28.058	278	183	6	37	307	14	281	2.62e-28	113
NP_001030623.1	NP_201191.1	29.070	258	161	6	7	256	141	384	5.30e-27	110
NP_001030623.1	NP_201191.1	32.738	168	104	4	139	299	4	169	1.70e-19	88.6
NP_001030623.1	NP_201191.1	30.252	119	82	1	6	124	244	361	1.08e-09	59.7
NP_001030623.1	NP_200895.2	33.871	310	188	7	10	309	124	426	7.16e-42	150
NP_001030623.1	NP_200895.2	27.976	336	193	8	7	307	50	371	1.25e-32	125
NP_001030623.1	NP_200895.2	28.025	157	110	3	10	165	286	440	2.47e-11	64.7
NP_001030623.1	NP_974971.2	33.438	317	187	8	10	309	124	433	2.24e-39	144
NP_001030623.1	NP_974971.2	27.976	336	193	8	7	307	50	371	1.97e-32	125
NP_001030623.1	NP_974971.2	27.273	165	108	5	10	165	286	447	2.85e-09	58.2
NP_001030623.1	NP_001330471.1	33.585	265	160	6	10	264	124	382	1.98e-34	129
NP_001030623.1	NP_001330471.1	27.976	336	193	8	7	307	50	371	5.36e-33	125
NP_001030623.1	NP_001078775.1	33.591	259	155	7	58	306	3	254	1.71e-31	119
NP_001030623.1	NP_001078775.1	28.025	157	110	3	10	165	117	271	1.67e-11	63.9
NP_001030623.1	NP_001078735.1	28.947	342	193	8	1	296	97	434	5.68e-27	110
NP_001030623.1	NP_001078735.1	34.959	123	75	3	189	307	74	195	9.54e-13	68.9
NP_001030623.1	NP_001078735.1	28.311	219	123	8	45	249	40	238	7.30e-11	63.2
NP_001030623.1	NP_001078735.1	25.243	309	168	10	6	264	157	452	4.80e-10	60.5
NP_001030623.1	NP_174026.1	28.618	304	198	8	1	298	63	353	1.14e-26	108
NP_001030623.1	NP_174026.1	29.386	228	141	6	61	278	19	236	7.44e-21	92.0
NP_001030623.1	NP_174026.1	28.571	203	132	3	111	307	16	211	1.91e-19	88.2
NP_001030623.1	NP_199644.2	28.571	343	194	8	1	296	97	435	5.93e-26	107
NP_001030623.1	NP_199644.2	34.677	124	75	3	189	307	74	196	1.10e-12	68.6
NP_001030623.1	NP_199644.2	28.767	219	123	9	45	249	40	239	5.12e-11	63.5
NP_001030623.1	NP_199644.2	25.243	309	168	10	6	264	158	453	4.76e-10	60.5
NP_001030623.1	NP_001190338.1	28.667	300	181	9	9	286	369	657	1.27e-24	104
NP_001030623.1	NP_001190338.1	28.315	279	166	8	40	297	348	613	1.35e-24	104
NP_001030623.1	NP_001190338.1	29.795	292	166	9	7	275	419	694	2.78e-23	100
NP_001030623.1	NP_001190338.1	29.545	264	145	9	70	307	324	572	2.16e-21	95.1
NP_001030623.1	NP_197443.3	28.667	300	181	9	9	286	335	623	1.39e-24	104
NP_001030623.1	NP_197443.3	28.315	279	166	8	40	297	314	579	1.47e-24	104
NP_001030623.1	NP_197443.3	29.795	292	166	9	7	275	385	660	3.21e-23	100
NP_001030623.1	NP_197443.3	29.545	264	145	9	70	307	290	538	2.38e-21	95.1
NP_001030623.1	NP_001330907.1	27.640	322	198	9	8	307	334	642	1.55e-24	104
NP_001030623.1	NP_001330907.1	27.698	278	169	8	40	297	314	579	2.10e-23	100
NP_001030623.1	NP_001330907.1	29.795	292	166	9	7	275	385	660	5.72e-23	99.8
NP_001030623.1	NP_001330907.1	29.545	264	145	9	70	307	290	538	1.21e-21	95.9
NP_001030623.1	NP_001332124.1	27.586	290	181	9	10	281	54	332	2.95e-24	100
NP_001030623.1	NP_001332124.1	40.000	105	61	2	196	299	82	185	2.31e-14	73.2
NP_001030623.1	NP_001332124.1	30.857	175	100	7	107	269	44	209	8.04e-14	71.2
NP_001030623.1	NP_001332124.1	27.615	239	150	6	7	230	103	333	1.00e-13	71.2
NP_001030623.1	NP_001332124.1	24.082	245	149	7	62	283	54	284	6.02e-12	65.9
NP_001030623.1	NP_001332124.1	30.882	136	81	6	183	307	6	139	3.58e-08	54.7
NP_001030623.1	NP_186879.2	31.047	277	148	12	50	296	13	276	4.80e-24	102
NP_001030623.1	NP_186879.2	29.921	254	143	7	39	265	167	412	7.94e-23	98.6
NP_001030623.1	NP_186879.2	25.786	318	169	10	3	277	18	311	5.76e-18	84.3
NP_001030623.1	NP_186879.2	35.165	182	102	4	9	175	189	369	2.00e-13	70.9
NP_001030623.1	NP_001327030.1	31.047	277	148	12	50	296	24	287	5.48e-24	102
NP_001030623.1	NP_001327030.1	29.921	254	143	7	39	265	178	423	7.85e-23	98.6
NP_001030623.1	NP_001327030.1	25.786	318	169	10	3	277	29	322	5.72e-18	84.3
NP_001030623.1	NP_001327030.1	35.165	182	102	4	9	175	200	380	2.02e-13	70.9
NP_001030623.1	NP_001320309.1	28.179	291	192	7	7	284	267	553	6.60e-24	102
NP_001030623.1	NP_001320309.1	25.506	247	150	6	82	307	237	470	2.72e-20	92.0
NP_001030623.1	NP_176767.1	28.179	291	192	7	7	284	313	599	6.70e-24	102
NP_001030623.1	NP_176767.1	25.506	247	150	6	82	307	283	516	2.64e-20	92.0
NP_001030623.1	NP_680156.2	27.586	290	181	9	10	281	54	332	1.93e-23	100
NP_001030623.1	NP_680156.2	28.082	292	186	7	7	282	103	386	4.98e-20	90.1
NP_001030623.1	NP_680156.2	40.000	105	61	2	196	299	82	185	5.80e-14	72.4
NP_001030623.1	NP_680156.2	30.882	136	81	6	183	307	6	139	4.87e-08	54.3
NP_001030623.1	NP_568268.3	27.019	322	200	9	8	307	330	638	1.96e-23	101
NP_001030623.1	NP_568268.3	27.437	277	169	8	40	296	310	574	1.03e-22	99.0
NP_001030623.1	NP_568268.3	29.795	292	166	9	7	275	381	656	5.32e-22	97.1
NP_001030623.1	NP_568268.3	34.286	105	67	1	197	301	309	411	3.19e-11	64.7
NP_001030623.1	NP_568250.1	28.173	323	184	10	24	301	2	321	3.24e-23	100
NP_001030623.1	NP_568250.1	34.259	108	63	2	201	303	21	125	2.76e-10	61.6
NP_001030623.1	NP_568250.1	25.294	340	181	15	6	284	93	420	4.45e-07	51.6
NP_001030623.1	NP_001327553.1	29.924	264	139	7	40	266	244	498	2.76e-22	97.1
NP_001030623.1	NP_001327553.1	28.629	248	143	7	82	298	233	477	2.17e-20	91.7
NP_001030623.1	NP_001327553.1	23.529	255	164	5	46	293	60	290	5.99e-06	48.1
NP_001030623.1	NP_001327551.1	29.924	264	139	7	40	266	216	470	3.61e-22	96.7
NP_001030623.1	NP_001327551.1	28.629	248	143	7	82	298	205	449	2.82e-20	91.3
NP_001030623.1	NP_566789.1	26.829	287	192	6	7	281	64	344	6.37e-22	95.5
NP_001030623.1	NP_566789.1	29.856	278	171	10	44	307	49	316	9.90e-21	92.4
NP_001030623.1	NP_566789.1	28.571	294	178	9	31	298	142	429	8.73e-19	86.7
NP_001030623.1	NP_566789.1	26.923	234	116	6	6	230	225	412	2.75e-16	79.3
NP_001030623.1	NP_566789.1	31.618	136	85	3	154	281	47	182	7.48e-11	63.2
NP_001030623.1	NP_566789.1	27.333	150	95	3	7	142	280	429	2.41e-09	58.5
NP_001030623.1	NP_001326165.1	26.829	287	192	6	7	281	64	344	6.37e-22	95.5
NP_001030623.1	NP_001326165.1	29.856	278	171	10	44	307	49	316	9.90e-21	92.4
NP_001030623.1	NP_001326165.1	28.571	294	178	9	31	298	142	429	8.73e-19	86.7
NP_001030623.1	NP_001326165.1	26.923	234	116	6	6	230	225	412	2.75e-16	79.3
NP_001030623.1	NP_001326165.1	31.618	136	85	3	154	281	47	182	7.48e-11	63.2
NP_001030623.1	NP_001326165.1	27.333	150	95	3	7	142	280	429	2.41e-09	58.5
NP_001030623.1	NP_001326162.1	26.829	287	192	6	7	281	64	344	6.37e-22	95.5
NP_001030623.1	NP_001326162.1	29.856	278	171	10	44	307	49	316	9.90e-21	92.4
NP_001030623.1	NP_001326162.1	28.571	294	178	9	31	298	142	429	8.73e-19	86.7
NP_001030623.1	NP_001326162.1	26.923	234	116	6	6	230	225	412	2.75e-16	79.3
NP_001030623.1	NP_001326162.1	31.618	136	85	3	154	281	47	182	7.48e-11	63.2
NP_001030623.1	NP_001326162.1	27.333	150	95	3	7	142	280	429	2.41e-09	58.5
NP_001030623.1	NP_974362.1	26.962	293	184	7	7	281	164	444	6.75e-22	96.3
NP_001030623.1	NP_974362.1	29.078	282	168	10	44	307	149	416	2.08e-20	91.7
NP_001030623.1	NP_974362.1	28.716	296	175	10	31	298	242	529	1.72e-18	86.3
NP_001030623.1	NP_974362.1	26.923	234	116	6	6	230	325	512	3.66e-16	79.3
NP_001030623.1	NP_974362.1	31.618	136	85	3	154	281	147	282	8.31e-11	63.2
NP_001030623.1	NP_974362.1	27.333	150	95	3	7	142	380	529	2.23e-09	58.5
NP_001030623.1	NP_001326164.1	26.962	293	184	7	7	281	164	444	6.75e-22	96.3
NP_001030623.1	NP_001326164.1	29.078	282	168	10	44	307	149	416	2.08e-20	91.7
NP_001030623.1	NP_001326164.1	28.716	296	175	10	31	298	242	529	1.72e-18	86.3
NP_001030623.1	NP_001326164.1	26.923	234	116	6	6	230	325	512	3.66e-16	79.3
NP_001030623.1	NP_001326164.1	31.618	136	85	3	154	281	147	282	8.31e-11	63.2
NP_001030623.1	NP_001326164.1	27.333	150	95	3	7	142	380	529	2.23e-09	58.5
NP_001030623.1	NP_001326163.1	26.962	293	184	7	7	281	164	444	6.75e-22	96.3
NP_001030623.1	NP_001326163.1	29.078	282	168	10	44	307	149	416	2.08e-20	91.7
NP_001030623.1	NP_001326163.1	28.716	296	175	10	31	298	242	529	1.72e-18	86.3
NP_001030623.1	NP_001326163.1	26.923	234	116	6	6	230	325	512	3.66e-16	79.3
NP_001030623.1	NP_001326163.1	31.618	136	85	3	154	281	147	282	8.31e-11	63.2
NP_001030623.1	NP_001326163.1	27.333	150	95	3	7	142	380	529	2.23e-09	58.5
NP_001030623.1	NP_974323.1	25.552	317	220	6	1	307	125	435	1.32e-21	95.1
NP_001030623.1	NP_974323.1	27.969	261	172	8	31	281	209	463	2.21e-17	82.8
NP_001030623.1	NP_974323.1	28.571	231	145	9	11	229	241	463	8.84e-14	72.0
NP_001030623.1	NP_974323.1	25.600	125	91	1	7	129	344	468	9.36e-09	56.6
NP_001030623.1	NP_566512.1	25.552	317	220	6	1	307	125	435	1.32e-21	95.1
NP_001030623.1	NP_566512.1	27.969	261	172	8	31	281	209	463	2.21e-17	82.8
NP_001030623.1	NP_566512.1	28.571	231	145	9	11	229	241	463	8.84e-14	72.0
NP_001030623.1	NP_566512.1	25.600	125	91	1	7	129	344	468	9.36e-09	56.6
NP_001030623.1	NP_001325719.1	25.552	317	220	6	1	307	125	435	1.32e-21	95.1
NP_001030623.1	NP_001325719.1	27.969	261	172	8	31	281	209	463	2.21e-17	82.8
NP_001030623.1	NP_001325719.1	28.571	231	145	9	11	229	241	463	8.84e-14	72.0
NP_001030623.1	NP_001325719.1	25.600	125	91	1	7	129	344	468	9.36e-09	56.6
NP_001030623.1	NP_001325718.1	25.552	317	220	6	1	307	125	435	1.32e-21	95.1
NP_001030623.1	NP_001325718.1	27.969	261	172	8	31	281	209	463	2.21e-17	82.8
NP_001030623.1	NP_001325718.1	28.571	231	145	9	11	229	241	463	8.84e-14	72.0
NP_001030623.1	NP_001325718.1	25.600	125	91	1	7	129	344	468	9.36e-09	56.6
NP_001030623.1	NP_001325717.1	25.552	317	220	6	1	307	125	435	1.32e-21	95.1
NP_001030623.1	NP_001325717.1	27.969	261	172	8	31	281	209	463	2.21e-17	82.8
NP_001030623.1	NP_001325717.1	28.571	231	145	9	11	229	241	463	8.84e-14	72.0
NP_001030623.1	NP_001325717.1	25.600	125	91	1	7	129	344	468	9.36e-09	56.6
NP_001030623.1	NP_001325716.1	25.552	317	220	6	1	307	125	435	1.32e-21	95.1
NP_001030623.1	NP_001325716.1	27.969	261	172	8	31	281	209	463	2.21e-17	82.8
NP_001030623.1	NP_001325716.1	28.571	231	145	9	11	229	241	463	8.84e-14	72.0
NP_001030623.1	NP_001325716.1	25.600	125	91	1	7	129	344	468	9.36e-09	56.6
NP_001030623.1	NP_001325559.1	28.214	280	169	11	2	263	402	667	2.81e-21	94.7
NP_001030623.1	NP_001325559.1	24.064	374	203	14	7	308	294	658	2.93e-17	82.8
NP_001030623.1	NP_001325559.1	26.042	288	162	12	52	307	290	558	1.02e-16	81.3
NP_001030623.1	NP_190350.4	28.214	280	169	11	2	263	366	631	8.38e-21	93.6
NP_001030623.1	NP_190350.4	24.064	374	203	14	7	308	258	622	1.01e-16	81.3
NP_001030623.1	NP_190350.4	26.042	288	162	12	52	307	254	522	2.86e-16	79.7
NP_001030623.1	NP_001325561.1	28.214	280	169	11	2	263	366	631	8.38e-21	93.6
NP_001030623.1	NP_001325561.1	24.064	374	203	14	7	308	258	622	1.04e-16	81.3
NP_001030623.1	NP_001325561.1	26.042	288	162	12	52	307	254	522	2.88e-16	79.7
NP_001030623.1	NP_001325562.1	28.214	280	169	11	2	263	363	628	8.61e-21	93.2
NP_001030623.1	NP_001325562.1	24.064	374	203	14	7	308	255	619	1.03e-16	81.3
NP_001030623.1	NP_001325562.1	26.042	288	162	12	52	307	251	519	2.80e-16	80.1
NP_001030623.1	NP_001325560.1	28.214	280	169	11	2	263	363	628	8.61e-21	93.2
NP_001030623.1	NP_001325560.1	24.064	374	203	14	7	308	255	619	1.03e-16	81.3
NP_001030623.1	NP_001325560.1	26.042	288	162	12	52	307	251	519	2.80e-16	80.1
NP_001030623.1	NP_001330926.1	25.460	326	203	10	7	307	298	608	8.91e-21	93.2
NP_001030623.1	NP_001330926.1	28.839	267	162	6	40	286	279	537	6.46e-20	90.9
NP_001030623.1	NP_001330926.1	26.978	278	173	9	7	263	350	618	1.69e-13	71.6
NP_001030623.1	NP_001330926.1	28.571	112	80	0	186	297	267	378	1.57e-08	56.2
NP_001030623.1	NP_001318728.1	25.460	326	203	10	7	307	298	608	8.91e-21	93.2
NP_001030623.1	NP_001318728.1	28.839	267	162	6	40	286	279	537	6.46e-20	90.9
NP_001030623.1	NP_001318728.1	26.978	278	173	9	7	263	350	618	1.69e-13	71.6
NP_001030623.1	NP_001318728.1	28.571	112	80	0	186	297	267	378	1.57e-08	56.2
NP_001030623.1	NP_177129.2	29.078	282	157	10	57	307	260	529	9.97e-21	93.2
NP_001030623.1	NP_177129.2	27.586	290	172	11	40	304	354	630	1.35e-18	87.0
NP_001030623.1	NP_177129.2	27.964	329	193	11	7	306	262	575	2.15e-17	83.2
NP_001030623.1	NP_177129.2	26.948	308	173	11	7	283	373	659	2.07e-15	77.4
NP_001030623.1	NP_001322526.1	29.078	282	157	10	57	307	247	516	1.02e-20	93.2
NP_001030623.1	NP_001322526.1	27.586	290	172	11	40	304	341	617	1.39e-18	86.7
NP_001030623.1	NP_001322526.1	27.964	329	193	11	7	306	249	562	2.02e-17	83.2
NP_001030623.1	NP_001322526.1	26.948	308	173	11	7	283	360	646	1.90e-15	77.4
NP_001030623.1	NP_191117.1	29.741	232	133	6	81	284	224	453	1.93e-20	91.7
NP_001030623.1	NP_191117.1	27.068	266	154	7	30	263	226	483	1.94e-18	85.9
NP_001030623.1	NP_191117.1	25.342	292	177	7	46	299	72	360	3.11e-09	58.2
NP_001030623.1	NP_191117.1	33.000	100	63	3	7	104	384	481	3.13e-08	55.1
NP_001030623.1	NP_001154232.2	26.154	325	201	11	7	307	291	600	8.44e-20	90.5
NP_001030623.1	NP_001154232.2	26.641	259	136	9	81	307	260	496	5.22e-18	85.1
NP_001030623.1	NP_001154232.2	28.195	266	164	6	40	286	272	529	9.03e-18	84.3
NP_001030623.1	NP_001154232.2	26.481	287	170	11	3	263	339	610	2.82e-14	73.9
NP_001030623.1	NP_001154232.2	27.465	142	90	3	169	297	230	371	3.72e-07	52.0
NP_001030623.1	NP_001328536.1	26.154	325	201	11	7	307	291	600	1.19e-19	90.1
NP_001030623.1	NP_001328536.1	26.641	259	136	9	81	307	260	496	5.45e-18	85.1
NP_001030623.1	NP_001328536.1	28.195	266	164	6	40	286	272	529	1.37e-17	84.0
NP_001030623.1	NP_001328536.1	26.481	287	170	11	3	263	339	610	3.16e-14	73.9
NP_001030623.1	NP_001328536.1	27.465	142	90	3	169	297	230	371	3.92e-07	52.0
NP_001030623.1	NP_001328535.1	26.154	325	201	11	7	307	289	598	1.21e-19	90.1
NP_001030623.1	NP_001328535.1	26.641	259	136	9	81	307	258	494	5.60e-18	85.1
NP_001030623.1	NP_001328535.1	28.195	266	164	6	40	286	270	527	1.42e-17	84.0
NP_001030623.1	NP_001328535.1	26.481	287	170	11	3	263	337	608	3.31e-14	73.6
NP_001030623.1	NP_001328535.1	27.465	142	90	3	169	297	228	369	3.95e-07	52.0
NP_001030623.1	NP_001328534.1	26.154	325	201	11	7	307	284	593	1.28e-19	90.1
NP_001030623.1	NP_001328534.1	26.641	259	136	9	81	307	253	489	5.70e-18	85.1
NP_001030623.1	NP_001328534.1	28.195	266	164	6	40	286	265	522	1.46e-17	84.0
NP_001030623.1	NP_001328534.1	26.481	287	170	11	3	263	332	603	3.40e-14	73.6
NP_001030623.1	NP_001328534.1	27.465	142	90	3	169	297	223	364	3.88e-07	52.0
NP_001030623.1	NP_001325557.1	28.214	280	169	11	2	263	221	486	1.28e-19	89.7
NP_001030623.1	NP_001325557.1	26.400	250	145	8	81	307	144	377	9.52e-16	78.2
NP_001030623.1	NP_001325557.1	24.064	374	203	14	7	308	113	477	1.05e-15	78.2
NP_001030623.1	NP_001325558.1	28.214	280	169	11	2	263	288	553	2.01e-19	89.4
NP_001030623.1	NP_001325558.1	25.896	251	145	7	81	307	211	444	1.23e-15	77.8
NP_001030623.1	NP_001325558.1	24.064	374	203	14	7	308	180	544	1.62e-15	77.4
NP_001030623.1	NP_565144.1	25.926	324	200	11	7	304	302	611	9.34e-19	87.4
NP_001030623.1	NP_565144.1	29.851	268	150	9	40	281	283	538	4.84e-18	85.1
NP_001030623.1	NP_565144.1	28.139	231	131	8	81	286	271	491	5.66e-17	82.0
NP_001030623.1	NP_565144.1	26.990	289	172	11	1	263	349	624	6.92e-14	72.8
NP_001030623.1	NP_974213.1	29.075	227	143	8	59	273	155	375	3.03e-18	85.9
NP_001030623.1	NP_974213.1	26.280	293	178	9	4	272	152	430	3.32e-17	82.8
NP_001030623.1	NP_974213.1	25.581	301	167	9	7	279	207	478	5.53e-17	82.0
NP_001030623.1	NP_974213.1	29.814	161	99	4	152	299	188	347	1.28e-13	72.0
NP_001030623.1	NP_974213.1	38.571	70	43	0	217	286	155	224	8.87e-07	50.8
NP_001030623.1	NP_001189802.1	29.075	227	143	8	59	273	155	375	3.13e-18	85.9
NP_001030623.1	NP_001189802.1	26.280	293	178	9	4	272	152	430	3.24e-17	82.8
NP_001030623.1	NP_001189802.1	25.581	301	167	9	7	279	207	478	5.25e-17	82.0
NP_001030623.1	NP_001189802.1	29.814	161	99	4	152	299	188	347	1.30e-13	72.0
NP_001030623.1	NP_001189802.1	38.571	70	43	0	217	286	155	224	8.51e-07	50.8
NP_001030623.1	NP_187029.2	29.075	227	143	8	59	273	152	372	3.17e-18	85.9
NP_001030623.1	NP_187029.2	25.581	301	167	9	7	279	204	475	5.68e-17	82.0
NP_001030623.1	NP_187029.2	25.597	293	180	9	4	272	149	427	1.96e-16	80.5
NP_001030623.1	NP_187029.2	29.814	161	99	4	152	299	185	344	1.33e-13	72.0
NP_001030623.1	NP_187029.2	36.000	75	48	0	212	286	147	221	3.87e-07	52.0
NP_001030623.1	NP_173417.2	28.794	257	137	9	82	305	47	290	5.26e-18	84.7
NP_001030623.1	NP_173417.2	25.786	318	196	10	10	299	82	387	1.70e-17	83.2
NP_001030623.1	NP_173417.2	26.515	264	163	8	39	274	57	317	1.16e-13	71.6
NP_001030623.1	NP_188968.1	28.889	270	157	8	40	286	253	510	2.74e-17	82.8
NP_001030623.1	NP_188968.1	25.466	322	201	11	7	304	272	578	1.36e-16	80.9
NP_001030623.1	NP_188968.1	25.180	278	170	10	57	307	211	477	7.58e-16	78.6
NP_001030623.1	NP_188968.1	26.761	284	173	10	3	263	320	591	9.30e-15	75.5
NP_001030623.1	NP_001327882.1	28.889	270	157	8	40	286	257	514	2.90e-17	82.8
NP_001030623.1	NP_001327882.1	25.466	322	201	11	7	304	276	582	1.73e-16	80.5
NP_001030623.1	NP_001327882.1	25.180	278	170	10	57	307	215	481	8.41e-16	78.6
NP_001030623.1	NP_001327882.1	26.761	284	173	10	3	263	324	595	1.11e-14	75.1
NP_001030623.1	NP_001327552.1	28.780	205	120	4	82	285	233	412	6.06e-16	78.6
NP_001030623.1	NP_001327552.1	35.294	85	54	1	40	124	325	408	4.21e-11	63.9
NP_001030623.1	NP_001327552.1	24.771	327	172	10	46	304	60	380	5.40e-06	48.1
NP_001030623.1	NP_001319742.1	28.780	205	120	4	82	285	205	384	7.99e-16	77.8
NP_001030623.1	NP_001319742.1	35.294	85	54	1	40	124	297	380	4.07e-11	63.9
NP_001030623.1	NP_001319742.1	25.083	303	165	11	50	304	64	352	2.33e-08	55.5
NP_001030623.1	NP_001332127.1	30.588	170	86	6	162	301	3	170	4.12e-10	60.8
NP_001030623.1	NP_001332127.1	25.899	278	152	13	50	284	3	269	7.29e-06	47.8
NP_001030624.1	NP_001030625.1	87.004	277	1	1	1	242	81	357	7.97e-173	490
NP_001030624.1	NP_001030625.1	100.000	92	0	0	241	332	436	527	2.10e-51	178
NP_001030624.1	NP_186924.1	99.587	242	1	0	1	242	81	322	3.24e-167	475
NP_001030624.1	NP_186924.1	100.000	92	0	0	241	332	401	492	1.44e-51	178
NP_001030624.1	NP_001030624.1	99.587	242	1	0	1	242	81	322	3.24e-167	475
NP_001030624.1	NP_001030624.1	100.000	92	0	0	241	332	401	492	1.44e-51	178
NP_001030624.1	NP_198474.1	47.074	376	143	6	1	332	84	447	2.76e-103	310
NP_001030624.1	NP_001330835.1	59.504	242	86	2	1	242	84	313	1.33e-101	303
NP_001030624.1	NP_001330834.1	59.504	242	86	2	1	242	84	313	8.23e-100	302
NP_001030624.1	NP_173072.1	57.025	242	87	2	1	242	81	305	1.01e-95	292
NP_001030624.1	NP_001320219.1	56.000	250	97	3	1	242	80	324	1.98e-92	284
NP_001030624.1	NP_178081.2	56.000	250	97	3	1	242	84	328	2.19e-92	284
NP_001030624.1	NP_001320220.1	56.098	246	95	3	5	242	18	258	1.30e-91	280
NP_001030624.1	NP_001319417.1	56.098	246	95	3	5	242	18	258	1.30e-91	280
NP_001030624.1	NP_680572.4	50.000	242	97	3	1	242	84	301	4.23e-82	257
NP_001030624.1	NP_001329815.1	50.000	242	97	3	1	242	84	301	4.23e-82	257
NP_001030624.1	NP_001190668.1	50.000	242	97	3	1	242	84	301	4.23e-82	257
NP_001030624.1	NP_171856.4	52.066	242	89	4	1	242	77	291	8.97e-81	253
NP_001030624.1	NP_001320222.1	53.363	223	91	3	28	242	1	218	1.69e-73	232
NP_001030624.1	NP_001320221.1	53.363	223	91	3	28	242	1	218	1.69e-73	232
NP_001030624.1	NP_001320218.1	53.363	223	91	3	28	242	1	218	1.69e-73	232
NP_001030624.1	NP_001319418.1	53.363	223	91	3	28	242	1	218	1.69e-73	232
NP_001030624.1	NP_001332736.1	44.813	241	97	3	2	242	79	283	1.57e-72	228
NP_001030624.1	NP_851086.1	44.813	241	97	3	2	242	79	283	4.89e-72	228
NP_001030624.1	NP_568503.1	44.813	241	97	3	2	242	79	283	4.89e-72	228
NP_001030624.1	NP_195790.4	46.058	241	91	3	1	241	15	216	8.06e-70	221
NP_001030624.1	NP_974230.1	45.228	241	90	2	2	242	80	278	9.03e-70	221
NP_001030624.1	NP_187215.1	45.228	241	90	2	2	242	80	278	9.03e-70	221
NP_001030624.1	NP_001326841.1	45.228	241	90	2	2	242	80	278	9.03e-70	221
NP_001030624.1	NP_001031819.1	46.058	241	91	3	1	241	64	265	1.88e-69	221
NP_001030624.1	NP_850599.2	42.562	242	94	3	2	242	80	277	1.03e-60	198
NP_001030624.1	NP_188303.1	42.562	242	94	3	2	242	80	277	1.03e-60	198
NP_001030624.1	NP_001319572.1	42.562	242	94	3	2	242	80	277	1.03e-60	198
NP_001030624.1	NP_197973.2	43.145	248	92	5	2	249	61	259	5.60e-55	182
NP_001030624.1	NP_001326940.1	40.000	245	98	4	18	261	1	197	2.31e-52	173
NP_001030624.1	NP_001326939.1	40.000	245	98	4	18	261	1	197	2.31e-52	173
NP_001030624.1	NP_001329271.1	58.730	126	49	3	120	243	122	246	1.37e-38	138
NP_001030624.1	NP_195021.1	58.730	126	49	3	120	243	122	246	1.85e-38	139
NP_001030624.1	NP_001326938.1	36.559	186	73	3	2	186	80	221	1.19e-34	127
NP_001030624.1	NP_001189557.1	27.953	254	105	7	7	242	135	328	3.79e-18	85.9
NP_001030624.1	NP_179595.5	27.165	254	107	5	7	242	135	328	3.86e-18	85.9
NP_001030624.1	NP_187278.2	32.704	159	85	5	103	242	118	273	4.97e-16	78.2
NP_001030624.1	NP_568237.1	33.793	145	78	5	98	241	87	214	1.21e-09	59.3
NP_001030624.1	NP_001331413.1	33.793	145	78	5	98	241	87	214	1.21e-09	59.3
NP_001030624.1	NP_200730.1	34.247	146	68	7	110	243	183	312	2.13e-09	58.9
NP_001030624.1	NP_180926.1	36.800	125	56	5	107	231	159	260	4.09e-09	57.8
NP_001030624.1	NP_172223.1	31.073	177	90	8	79	242	166	323	6.62e-09	57.4
NP_001030624.1	NP_197876.1	32.414	145	80	4	98	241	87	214	1.93e-08	55.8
NP_001030624.1	NP_187748.1	33.333	153	65	8	111	242	175	311	5.53e-08	54.3
NP_001030624.1	NP_001189678.1	33.557	149	81	8	97	244	155	286	6.62e-08	53.9
NP_001030624.1	NP_001324085.1	33.557	149	81	8	97	244	137	268	6.84e-08	53.9
NP_001030624.1	NP_001328079.1	44.444	108	43	7	136	242	105	196	7.38e-08	53.1
NP_001030624.1	NP_181021.4	33.557	149	81	8	97	244	141	272	7.75e-08	53.9
NP_001030624.1	NP_567808.1	44.444	108	43	7	136	242	127	218	1.05e-07	53.1
NP_001030624.1	NP_001328080.1	44.444	108	43	7	136	242	127	218	1.47e-07	52.4
NP_001030624.1	NP_565480.1	43.925	107	43	7	136	241	123	213	2.68e-07	51.6
NP_001030624.1	NP_190715.1	32.787	122	63	3	110	231	141	243	3.37e-07	52.0
NP_001030624.1	NP_175057.2	30.864	162	91	4	97	253	176	321	3.40e-07	52.0
NP_001030624.1	NP_973490.1	43.925	107	43	7	136	241	123	213	4.64e-07	51.2
NP_001030624.1	NP_001321555.1	33.117	154	77	9	94	245	91	220	4.90e-07	50.8
NP_001030624.1	NP_001327475.1	32.787	122	63	3	110	231	97	199	5.64e-07	50.8
NP_001030624.1	NP_001332613.1	33.588	131	60	6	110	228	183	298	6.09e-07	50.8
NP_001030624.1	NP_174731.1	33.117	154	77	9	94	245	91	220	6.30e-07	50.8
NP_001030624.1	NP_001321554.1	33.117	154	77	9	94	245	91	220	6.30e-07	50.8
NP_001030624.1	NP_001321553.1	33.117	154	77	9	94	245	91	220	6.30e-07	50.8
NP_001030624.1	NP_001077557.1	30.612	147	76	5	107	241	146	278	6.51e-07	50.8
NP_001030624.1	NP_194903.2	30.323	155	90	5	98	251	87	224	1.49e-06	49.7
NP_001030624.1	NP_001328538.1	30.323	155	90	5	98	251	87	224	1.49e-06	49.7
NP_001030624.1	NP_564045.1	31.293	147	75	5	107	241	146	278	1.61e-06	49.7
NP_001030624.1	NP_001328539.1	30.323	155	90	5	98	251	87	224	1.76e-06	49.3
NP_001030624.1	NP_001323237.1	32.331	133	75	5	110	241	54	172	3.71e-06	48.1
NP_001030624.1	NP_001323236.1	32.331	133	75	5	110	241	54	172	3.71e-06	48.1
NP_001030624.1	NP_974168.1	32.331	133	75	5	110	241	99	217	6.26e-06	47.8
NP_001030624.1	NP_565172.1	32.331	133	75	5	110	241	99	217	6.26e-06	47.8
NP_001030624.1	NP_001323238.1	32.331	133	75	5	110	241	99	217	6.26e-06	47.8
NP_001030624.1	NP_180133.1	31.111	135	72	4	97	231	154	267	7.04e-06	47.8
NP_001030624.1	NP_001324148.1	31.111	135	72	4	97	231	154	267	7.04e-06	47.8
NP_001030624.1	NP_199989.1	38.144	97	45	4	135	231	230	311	8.36e-06	47.8
NP_001030624.1	NP_001331276.1	38.144	97	45	4	135	231	200	281	8.63e-06	47.8
NP_001030625.1	NP_001030625.1	100.000	368	0	0	80	447	160	527	0.0	749
NP_001030625.1	NP_001030625.1	96.471	85	3	0	1	85	1	85	4.16e-49	175
NP_001030625.1	NP_186924.1	90.489	368	0	1	80	447	160	492	0.0	653
NP_001030625.1	NP_186924.1	96.471	85	3	0	1	85	1	85	1.75e-49	176
NP_001030625.1	NP_001030624.1	90.489	368	0	1	80	447	160	492	0.0	653
NP_001030625.1	NP_001030624.1	96.471	85	3	0	1	85	1	85	1.75e-49	176
NP_001030625.1	NP_001320222.1	50.562	356	125	6	98	447	74	384	2.71e-117	349
NP_001030625.1	NP_001320221.1	50.562	356	125	6	98	447	74	384	2.71e-117	349
NP_001030625.1	NP_001320218.1	50.562	356	125	6	98	447	74	384	2.71e-117	349
NP_001030625.1	NP_001319418.1	50.562	356	125	6	98	447	74	384	2.71e-117	349
NP_001030625.1	NP_001320220.1	50.562	356	125	6	98	447	114	424	2.72e-116	348
NP_001030625.1	NP_001319417.1	50.562	356	125	6	98	447	114	424	2.72e-116	348
NP_001030625.1	NP_178081.2	50.562	356	125	6	98	447	184	494	6.72e-115	347
NP_001030625.1	NP_178081.2	40.659	91	45	4	1	85	1	88	2.18e-08	56.6
NP_001030625.1	NP_001320219.1	50.562	356	125	6	98	447	180	490	7.47e-115	346
NP_001030625.1	NP_001320219.1	58.974	39	16	0	47	85	46	84	2.71e-07	53.1
NP_001030625.1	NP_198474.1	43.515	478	131	10	38	447	41	447	1.55e-113	341
NP_001030625.1	NP_173072.1	46.410	390	156	5	70	447	133	481	3.24e-113	342
NP_001030625.1	NP_173072.1	62.162	37	14	0	49	85	49	85	5.48e-08	55.5
NP_001030625.1	NP_001330834.1	42.276	492	131	11	38	447	41	461	1.67e-109	331
NP_001030625.1	NP_171856.4	51.149	348	112	8	110	447	159	458	1.98e-101	310
NP_001030625.1	NP_680572.4	49.702	336	122	4	111	443	170	461	7.14e-96	296
NP_001030625.1	NP_001329815.1	49.702	336	122	4	111	443	170	461	7.14e-96	296
NP_001030625.1	NP_001190668.1	49.702	336	122	4	111	443	170	461	7.14e-96	296
NP_001030625.1	NP_195790.4	47.887	284	105	4	93	369	69	316	7.45e-80	251
NP_001030625.1	NP_001031819.1	42.340	359	122	6	60	369	43	365	1.09e-79	252
NP_001030625.1	NP_974230.1	36.997	373	153	4	21	348	14	349	6.51e-76	241
NP_001030625.1	NP_187215.1	36.997	373	153	4	21	348	14	349	6.51e-76	241
NP_001030625.1	NP_001326841.1	36.997	373	153	4	21	348	14	349	6.51e-76	241
NP_001030625.1	NP_851086.1	35.200	375	160	4	21	347	14	353	1.82e-75	241
NP_001030625.1	NP_568503.1	35.200	375	160	4	21	347	14	353	1.82e-75	241
NP_001030625.1	NP_001330835.1	42.857	329	85	8	38	298	41	334	1.56e-74	238
NP_001030625.1	NP_001326940.1	44.130	247	102	2	106	351	45	256	1.94e-64	208
NP_001030625.1	NP_001326939.1	44.130	247	102	2	106	351	45	256	1.94e-64	208
NP_001030625.1	NP_850599.2	44.262	244	100	2	106	348	140	348	7.46e-64	210
NP_001030625.1	NP_188303.1	44.262	244	100	2	106	348	140	348	7.46e-64	210
NP_001030625.1	NP_001319572.1	44.262	244	100	2	106	348	140	348	7.46e-64	210
NP_001030625.1	NP_195021.1	45.957	235	89	4	120	352	122	320	1.91e-59	197
NP_001030625.1	NP_197973.2	39.116	294	136	5	62	350	71	326	4.26e-57	191
NP_001030625.1	NP_001332736.1	32.817	323	134	4	21	295	14	301	2.00e-55	187
NP_001030625.1	NP_001329271.1	46.067	178	58	4	120	295	122	263	1.79e-38	141
NP_001030625.1	NP_179595.5	28.000	250	124	5	130	361	199	410	1.82e-21	98.2
NP_001030625.1	NP_001189557.1	28.000	250	124	5	130	361	199	410	2.15e-21	97.8
NP_001030625.1	NP_001326938.1	50.000	84	41	1	106	188	140	223	2.59e-19	87.4
NP_001030625.1	NP_187278.2	32.609	230	130	10	103	329	118	325	5.48e-18	85.5
NP_001030625.1	NP_001328079.1	34.375	192	74	7	136	326	105	245	9.63e-17	80.5
NP_001030625.1	NP_567808.1	34.375	192	74	7	136	326	127	267	1.46e-16	80.1
NP_001030625.1	NP_568237.1	29.004	231	111	6	98	327	87	265	8.39e-16	79.0
NP_001030625.1	NP_001331413.1	29.004	231	111	6	98	327	87	265	8.39e-16	79.0
NP_001030625.1	NP_565480.1	33.333	192	76	7	136	326	123	263	4.78e-15	75.9
NP_001030625.1	NP_172223.1	29.600	250	109	9	80	316	167	362	6.13e-15	77.0
NP_001030625.1	NP_973490.1	33.333	192	76	7	136	326	123	263	6.68e-15	75.5
NP_001030625.1	NP_197876.1	27.706	231	114	5	98	327	87	265	1.44e-14	75.9
NP_001030625.1	NP_974318.1	30.303	231	108	7	97	326	95	273	6.49e-14	72.4
NP_001030625.1	NP_188144.1	30.303	231	108	7	97	326	95	273	6.49e-14	72.4
NP_001030625.1	NP_568786.1	26.712	292	137	9	99	386	164	382	1.33e-13	72.8
NP_001030625.1	NP_001329972.1	26.712	292	137	9	99	386	164	382	1.33e-13	72.8
NP_001030625.1	NP_200730.1	30.332	211	84	8	110	308	183	342	1.87e-13	72.4
NP_001030625.1	NP_175057.2	28.947	228	108	6	97	323	176	350	4.41e-13	70.9
NP_001030625.1	NP_187748.1	29.358	218	82	9	111	307	175	341	5.02e-12	67.8
NP_001030625.1	NP_194903.2	23.545	378	197	13	1	368	4	299	1.27e-11	65.9
NP_001030625.1	NP_001328538.1	23.545	378	197	13	1	368	4	299	1.27e-11	65.9
NP_001030625.1	NP_001328539.1	23.720	371	191	13	1	361	4	292	1.45e-11	65.5
NP_001030625.1	NP_180926.1	29.310	232	93	9	107	327	159	330	1.57e-11	66.2
NP_001030625.1	NP_564045.1	26.357	258	119	8	107	348	146	348	2.35e-11	65.5
NP_001030625.1	NP_174731.1	27.542	236	110	9	94	327	91	267	5.44e-11	63.5
NP_001030625.1	NP_001321554.1	27.542	236	110	9	94	327	91	267	5.44e-11	63.5
NP_001030625.1	NP_001321553.1	27.542	236	110	9	94	327	91	267	5.44e-11	63.5
NP_001030625.1	NP_001321567.1	26.596	282	146	9	58	338	107	328	6.22e-10	61.2
NP_001030625.1	NP_176948.2	26.596	282	146	9	58	338	143	364	8.61e-10	60.8
NP_001030625.1	NP_849621.1	26.860	242	124	8	101	338	101	293	2.71e-09	59.3
NP_001030625.1	NP_172388.1	26.860	242	124	8	101	338	101	293	2.71e-09	59.3
NP_001030625.1	NP_195896.2	24.159	327	198	13	57	363	63	359	3.39e-09	58.9
NP_001030625.1	NP_177421.1	30.233	172	69	6	136	307	326	446	1.17e-08	57.8
NP_001030625.1	NP_001320804.1	30.233	172	69	6	136	307	326	446	1.17e-08	57.8
NP_001030625.1	NP_001185385.1	30.233	172	69	6	136	307	326	446	1.17e-08	57.8
NP_001030625.1	NP_173199.2	29.586	169	66	5	136	303	326	442	1.69e-08	57.0
NP_001030625.1	NP_001322988.1	29.586	169	66	5	136	303	326	442	1.69e-08	57.0
NP_001030625.1	NP_001331751.1	35.577	104	47	5	274	362	165	263	1.96e-08	55.8
NP_001030625.1	NP_001327483.1	42.683	82	38	2	254	326	163	244	1.99e-08	55.8
NP_001030625.1	NP_201409.1	35.577	104	47	5	274	362	269	367	2.13e-08	56.6
NP_001030625.1	NP_181021.4	33.333	81	52	2	246	326	241	319	3.47e-08	55.5
NP_001030625.1	NP_177008.1	26.432	227	122	6	101	327	106	287	3.57e-08	55.8
NP_001030625.1	NP_001320344.1	26.432	227	122	6	101	327	106	287	3.57e-08	55.8
NP_001030625.1	NP_001320343.1	26.432	227	122	6	101	327	106	287	3.57e-08	55.8
NP_001030625.1	NP_001031252.1	26.432	227	122	6	101	327	106	287	3.57e-08	55.8
NP_001030625.1	NP_850737.1	42.683	82	38	2	254	326	253	334	3.86e-08	55.8
NP_001030625.1	NP_191785.1	42.683	82	38	2	254	326	252	333	3.99e-08	55.5
NP_001030625.1	NP_001077557.1	25.980	204	90	6	107	298	146	300	5.56e-08	54.7
NP_001030625.1	NP_188351.2	37.838	74	38	1	254	319	294	367	9.82e-08	54.7
NP_001030625.1	NP_001329290.1	28.992	238	119	13	149	365	59	267	1.86e-07	53.1
NP_001030625.1	NP_001329291.1	28.992	238	119	13	149	365	29	237	1.96e-07	52.8
NP_001030625.1	NP_175238.2	44.444	72	34	1	254	319	252	323	2.00e-07	53.5
NP_001030625.1	NP_195118.1	26.036	338	184	18	55	365	52	350	2.27e-07	53.1
NP_001030625.1	NP_001185062.1	37.838	74	45	1	254	327	200	272	8.33e-07	50.8
NP_001030625.1	NP_172196.1	40.741	54	31	1	254	307	283	335	9.93e-07	51.2
NP_001030625.1	NP_564165.1	37.838	74	45	1	254	327	194	266	1.01e-06	50.8
NP_001030625.1	NP_974438.1	30.851	94	48	4	274	352	271	362	1.07e-06	51.2
NP_001030625.1	NP_191065.2	30.851	94	48	4	274	352	271	362	1.07e-06	51.2
NP_001030625.1	NP_974411.1	28.571	98	53	4	274	356	181	276	1.66e-06	50.1
NP_001030625.1	NP_200515.1	24.775	222	109	6	89	304	179	348	2.16e-06	50.4
NP_001030625.1	NP_001325403.1	36.364	77	46	2	253	327	560	635	2.18e-06	50.4
NP_001030625.1	NP_850336.1	35.897	78	47	2	253	328	560	636	2.33e-06	50.4
NP_001030625.1	NP_187868.2	22.845	232	115	8	149	351	164	360	2.41e-06	50.1
NP_001030625.1	NP_001030682.1	22.845	232	115	8	149	351	164	360	2.41e-06	50.1
NP_001030625.1	NP_566949.2	28.571	98	53	4	274	356	266	361	2.48e-06	50.1
NP_001030625.1	NP_001327130.1	28.571	98	53	4	274	356	266	361	2.48e-06	50.1
NP_001030625.1	NP_001325404.1	35.897	78	47	2	253	328	462	538	2.54e-06	50.4
NP_001030625.1	NP_001119448.1	24.775	222	109	6	89	304	139	308	2.74e-06	49.7
NP_001030626.1	NP_001030626.1	100.000	269	0	0	1	269	1	269	0.0	548
NP_001030626.1	NP_186936.1	99.262	271	0	1	1	269	1	271	0.0	543
NP_001030626.1	NP_001118558.1	98.155	271	0	2	1	269	1	268	0.0	532
NP_001030626.1	NP_564376.1	32.685	257	158	7	17	264	94	344	2.24e-34	127
NP_001030626.1	NP_001320164.1	28.926	242	150	4	7	240	83	310	2.55e-22	94.7
NP_001030626.1	NP_195623.3	28.926	242	150	4	7	240	112	339	3.87e-22	94.7
NP_001030626.1	NP_196491.2	29.143	175	104	6	88	245	131	302	1.53e-09	58.2
NP_001030626.1	NP_200250.1	27.041	196	105	7	88	245	141	336	4.08e-09	57.0
NP_001030626.1	NP_201205.1	25.131	191	111	8	88	251	131	316	5.37e-06	47.4
NP_001030626.1	NP_001332437.1	25.131	191	111	8	88	251	88	273	6.06e-06	47.4
NP_001030627.1	NP_186951.1	100.000	179	0	0	1	179	1	179	2.25e-131	365
NP_001030627.1	NP_001326403.1	100.000	179	0	0	1	179	1	179	2.25e-131	365
NP_001030627.1	NP_001030627.1	100.000	179	0	0	1	179	1	179	2.25e-131	365
NP_001030627.1	NP_001326405.1	100.000	131	0	0	1	131	1	131	1.85e-93	268
NP_001030627.1	NP_001326404.1	100.000	131	0	0	1	131	1	131	1.85e-93	268
NP_001030627.1	NP_568340.1	73.184	179	38	2	1	179	1	169	6.71e-87	253
NP_001030627.1	NP_974671.4	48.718	117	59	1	64	179	77	193	1.37e-32	115
NP_001030627.1	NP_001328355.1	47.778	90	47	0	64	153	77	166	1.63e-24	94.4
NP_001030627.1	NP_001328354.1	47.778	90	47	0	64	153	77	166	1.63e-24	94.4
NP_001030627.1	NP_567907.4	53.125	64	30	0	64	127	77	140	2.40e-17	74.7
NP_001030628.1	NP_001030628.1	100.000	159	0	0	1	159	1	159	3.35e-120	335
NP_001030628.1	NP_566192.1	99.371	159	1	0	1	159	1	159	4.37e-119	333
NP_001030629.1	NP_566218.1	100.000	348	0	0	1	348	78	425	0.0	732
NP_001030629.1	NP_001030629.1	100.000	348	0	0	1	348	81	428	0.0	732
NP_001030629.1	NP_850510.1	100.000	348	0	0	1	348	77	424	0.0	732
NP_001030629.1	NP_851236.1	59.801	301	102	5	50	337	142	436	1.62e-117	349
NP_001030629.1	NP_568932.2	59.801	301	102	5	50	337	140	434	1.72e-117	349
NP_001030629.1	NP_187955.2	54.217	332	131	6	24	337	286	614	2.26e-114	346
NP_001030629.1	NP_850578.1	54.217	332	131	6	24	337	283	611	2.95e-114	346
NP_001030629.1	NP_001030690.1	54.217	332	131	6	24	337	285	613	3.21e-114	346
NP_001030629.1	NP_564692.1	54.019	311	133	2	24	325	209	518	1.20e-102	313
NP_001030629.1	NP_001321788.1	54.019	311	133	2	24	325	222	531	1.50e-102	313
NP_001030629.1	NP_001185241.1	54.019	311	133	2	24	325	252	561	1.85e-102	313
NP_001030629.1	NP_001321787.1	54.019	311	133	2	24	325	265	574	2.05e-102	313
NP_001030629.1	NP_001185240.1	54.019	311	133	2	24	325	265	574	2.53e-102	313
NP_001030629.1	NP_001321789.1	54.019	311	133	2	24	325	265	574	3.41e-102	313
NP_001030629.1	NP_001327860.1	50.323	310	130	8	37	333	246	544	3.20e-88	277
NP_001030629.1	NP_001327857.1	50.323	310	130	8	37	333	246	544	3.20e-88	277
NP_001030629.1	NP_001327858.1	50.323	310	130	8	37	333	258	556	3.47e-88	278
NP_001030629.1	NP_187912.2	50.323	310	130	8	37	333	268	566	5.26e-88	277
NP_001030629.1	NP_175245.1	52.361	233	104	2	106	331	259	491	8.24e-80	256
NP_001030629.1	NP_001117446.1	52.361	233	104	2	106	331	259	491	8.24e-80	256
NP_001030629.1	NP_001078168.1	52.018	223	100	2	116	331	116	338	2.60e-79	251
NP_001030629.1	NP_001321641.1	50.575	261	111	5	86	331	219	476	4.72e-79	251
NP_001030629.1	NP_001321640.1	50.575	261	111	5	86	331	219	476	4.72e-79	251
NP_001030629.1	NP_001321639.1	50.575	261	111	5	86	331	219	476	4.72e-79	251
NP_001030629.1	NP_565205.1	50.575	261	111	5	86	331	234	491	6.09e-79	251
NP_001030629.1	NP_001322518.1	52.301	239	99	2	113	347	215	442	1.08e-78	248
NP_001030629.1	NP_188359.2	52.018	223	100	2	116	331	218	440	3.88e-78	251
NP_001030629.1	NP_001327579.1	52.018	223	100	2	116	331	218	440	3.88e-78	251
NP_001030629.1	NP_174117.2	52.301	239	99	2	113	347	289	516	5.39e-78	249
NP_001030629.1	NP_001320712.1	53.982	226	93	4	111	329	136	357	2.83e-72	231
NP_001030629.1	NP_172452.3	53.982	226	93	4	111	329	178	399	9.42e-72	231
NP_001030629.1	NP_001320713.1	53.982	226	93	4	111	329	159	380	9.61e-72	230
NP_001030629.1	NP_200627.2	50.901	222	103	3	120	335	275	496	1.14e-69	227
NP_001030629.1	NP_974954.1	50.901	222	103	3	120	335	276	497	1.15e-69	227
NP_001030629.1	NP_850572.1	50.000	268	110	8	37	291	268	524	3.44e-69	226
NP_001030629.1	NP_001030689.1	42.326	215	103	6	24	220	286	497	6.25e-40	147
NP_001030629.1	NP_001327859.1	39.796	196	94	8	37	219	268	452	2.74e-24	103
NP_001030629.1	NP_001322517.1	47.222	108	46	1	113	220	289	385	1.61e-20	92.4
NP_001030629.1	NP_001328271.1	28.643	199	110	6	145	321	43	231	1.98e-15	77.0
NP_001030629.1	NP_974537.1	28.643	199	110	6	145	321	43	231	2.99e-15	76.3
NP_001030629.1	NP_001190703.1	28.358	201	112	6	145	323	43	233	4.08e-15	76.3
NP_001030629.1	NP_192934.2	29.714	175	96	5	145	302	43	207	1.78e-14	74.7
NP_001030629.1	NP_001328272.1	29.714	175	96	5	145	302	43	207	1.78e-14	74.7
NP_001030629.1	NP_001328270.1	32.773	119	69	3	213	321	16	133	1.34e-09	58.9
NP_001030629.1	NP_001328269.1	32.231	121	71	3	213	323	16	135	1.79e-09	58.2
NP_001030629.1	NP_174334.2	27.660	141	92	3	166	302	238	372	1.12e-08	57.0
NP_001030629.1	NP_001319113.1	27.660	141	92	3	166	302	238	372	1.25e-08	56.6
